1.000000000000000000e+00 0.000000000000000000e+00 0.000000000000000000e+00 0.000000000000000000e+00 0.000000000000000000e+00 1.000000000000000000e+00 0.000000000000000000e+00 0.000000000000000000e+00 0.000000000000000000e+00 0.000000000000000000e+00 1.000000000000000000e+00 0.000000000000000000e+00
9.999330043792724609e-01 -2.041816012933850288e-03 1.139234285801649094e-02 4.847356304526329041e-02 2.028996590524911880e-03 9.999973177909851074e-01 1.136716804467141628e-03 -2.036050520837306976e-02 -1.139463298022747040e-02 -1.113525708205997944e-03 9.999344348907470703e-01 9.979233741760253906e-01
9.998184442520141602e-01 -2.890353323891758919e-03 1.883266307413578033e-02 5.154120922088623047e-02 2.865535672754049301e-03 9.999949932098388672e-01 1.344652846455574036e-03 -4.745870456099510193e-02 -1.883645541965961456e-02 -1.290443120524287224e-03 9.998217225074768066e-01 1.997095584869384766e+00
9.997649788856506348e-01 -5.183553323149681091e-03 2.105123177170753479e-02 5.909220874309539795e-02 5.180572625249624252e-03 9.999865889549255371e-01 1.961406087502837181e-04 -7.080026715993881226e-02 -2.105196565389633179e-02 -8.703708590473979712e-05 9.997783899307250977e-01 2.996654272079467773e+00
9.998056888580322266e-01 -6.814262829720973969e-03 1.849769428372383118e-02 1.014176830649375916e-01 6.841290742158889771e-03 9.999756217002868652e-01 -1.398269319906830788e-03 -8.031738549470901489e-02 -1.848771423101425171e-02 1.524545717984437943e-03 9.998279213905334473e-01 3.995866060256958008e+00
9.998804926872253418e-01 -1.018006820231676102e-02 1.163277123123407364e-02 1.160805001854896545e-01 1.021110359579324722e-02 9.999444484710693359e-01 -2.611633157357573509e-03 -1.045674234628677368e-01 -1.160553842782974243e-02 2.730104373767971992e-03 9.999289512634277344e-01 4.995878219604492188e+00
9.998973608016967773e-01 -1.423010043799877167e-02 -1.677560270763933659e-03 1.412776559591293335e-01 1.422282215207815170e-02 9.998897314071655273e-01 -4.273442551493644714e-03 -1.340841501951217651e-01 1.738186809234321117e-03 4.249143879860639572e-03 9.999894499778747559e-01 5.995928287506103516e+00
9.997654557228088379e-01 -1.272298581898212433e-02 -1.752679049968719482e-02 6.035649403929710388e-02 1.264724414795637131e-02 9.999102354049682617e-01 -4.425567109137773514e-03 -1.593946963548660278e-01 1.758152246475219727e-02 4.202863667160272598e-03 9.998366236686706543e-01 6.993304729461669922e+00
9.993168115615844727e-01 -7.723378017544746399e-03 -3.614164143800735474e-02 -6.592390686273574829e-02 7.570890709757804871e-03 9.999618530273437500e-01 -4.354119300842285156e-03 -1.772643029689788818e-01 3.617389127612113953e-02 4.077520221471786499e-03 9.993371963500976562e-01 7.986294746398925781e+00
9.984513521194458008e-01 -3.178357379510998726e-03 -5.554081872105598450e-02 -1.869932562112808228e-01 2.875564619898796082e-03 9.999805688858032227e-01 -5.530783440917730331e-03 -1.984657496213912964e-01 5.555732175707817078e-02 5.362506955862045288e-03 9.984411001205444336e-01 8.979916572570800781e+00
9.971223473548889160e-01 -3.022884018719196320e-03 -7.574912160634994507e-02 -2.935977578163146973e-01 2.591215074062347412e-03 9.999798536300659180e-01 -5.796300247311592102e-03 -2.170861959457397461e-01 7.576511800289154053e-02 5.583337973803281784e-03 9.971100687980651855e-01 9.975290298461914062e+00
9.952458143234252930e-01 -5.553056485950946808e-03 -9.723665565252304077e-02 -3.986114561557769775e-01 5.075219087302684784e-03 9.999737739562988281e-01 -5.160818807780742645e-03 -2.296982407569885254e-01 9.726276993751525879e-02 4.642785992473363876e-03 9.952479004859924316e-01 1.097100639343261719e+01
9.930504560470581055e-01 -7.948921993374824524e-03 -1.174207776784896851e-01 -5.288494229316711426e-01 7.480413652956485748e-03 9.999622106552124023e-01 -4.430170170962810516e-03 -2.446979433298110962e-01 1.174515560269355774e-01 3.521026344969868660e-03 9.930723905563354492e-01 1.196362781524658203e+01
9.907645583152770996e-01 -7.319241296499967575e-03 -1.353957056999206543e-01 -6.916802525520324707e-01 6.864187773317098618e-03 9.999691247940063477e-01 -3.827454522252082825e-03 -2.607538998126983643e-01 1.354195326566696167e-01 2.862724708393216133e-03 9.907842278480529785e-01 1.295127677917480469e+01
9.883932471275329590e-01 -7.058761548250913620e-03 -1.517530381679534912e-01 -8.500598669052124023e-01 6.657343357801437378e-03 9.999728798866271973e-01 -3.153129247948527336e-03 -2.771475017070770264e-01 1.517711728811264038e-01 2.106259576976299286e-03 9.884133934974670410e-01 1.393954277038574219e+01
9.861878156661987305e-01 -7.090435829013586044e-03 -1.654791682958602905e-01 -1.041200757026672363e+00 6.610152311623096466e-03 9.999721646308898926e-01 -3.452923148870468140e-03 -2.898107469081878662e-01 1.654990464448928833e-01 2.311388263478875160e-03 9.862072467803955078e-01 1.492189025878906250e+01
9.839923977851867676e-01 -9.146566502749919891e-03 -1.779755949974060059e-01 -1.219596982002258301e+00 8.548083715140819550e-03 9.999549388885498047e-01 -4.129245411604642868e-03 -3.128817379474639893e-01 1.780053377151489258e-01 2.541795838624238968e-03 9.840262532234191895e-01 1.590636253356933594e+01
9.820359945297241211e-01 -1.351911108940839767e-02 -1.882088035345077515e-01 -1.396501898765563965e+00 1.253065280616283417e-02 9.999007582664489746e-01 -6.440811790525913239e-03 -3.336861431598663330e-01 1.882771998643875122e-01 3.966730087995529175e-03 9.821079373359680176e-01 1.689101028442382812e+01
9.804115891456604004e-01 -1.370109338313341141e-02 -1.964825987815856934e-01 -1.593941807746887207e+00 1.234631333500146866e-02 9.998908042907714844e-01 -8.118427358567714691e-03 -3.543021380901336670e-01 1.965723782777786255e-01 5.533564835786819458e-03 9.804736971855163574e-01 1.787163352966308594e+01
9.787545800209045410e-01 -1.423218753188848495e-02 -2.045407891273498535e-01 -1.793760895729064941e+00 1.249998994171619415e-02 9.998742341995239258e-01 -9.758322499692440033e-03 -3.711685836315155029e-01 2.046539485454559326e-01 6.994244642555713654e-03 9.788094162940979004e-01 1.885183334350585938e+01
9.771422147750854492e-01 -1.403337065130472183e-02 -2.121230214834213257e-01 -2.022176980972290039e+00 1.169144269078969955e-02 9.998561143875122070e-01 -1.229074224829673767e-02 -4.009688198566436768e-01 2.122649848461151123e-01 9.529778733849525452e-03 9.771656990051269531e-01 1.982542610168457031e+01
9.752923846244812012e-01 -1.811700314283370972e-02 -2.201739400625228882e-01 -2.241214036941528320e+00 1.539598964154720306e-02 9.997825026512145996e-01 -1.406829431653022766e-02 -4.209482669830322266e-01 2.203809320926666260e-01 1.033090427517890930e-02 9.753592014312744141e-01 2.080145263671875000e+01
9.733846783638000488e-01 -2.404863201081752777e-02 -2.279120385646820068e-01 -2.461134433746337891e+00 2.108742482960224152e-02 9.996587038040161133e-01 -1.541932206600904465e-02 -4.444370269775390625e-01 2.282050698995590210e-01 1.020285394042730331e-02 9.735596179962158203e-01 2.177718162536621094e+01
9.712491035461425781e-01 -2.489884011447429657e-02 -2.367597520351409912e-01 -2.699213743209838867e+00 2.127011306583881378e-02 9.996140599250793457e-01 -1.786897331476211548e-02 -4.744387567043304443e-01 2.371132969856262207e-01 1.231931801885366440e-02 9.714038968086242676e-01 2.274853515625000000e+01
9.688669443130493164e-01 -2.274990268051624298e-02 -2.465345710515975952e-01 -2.941715955734252930e+00 1.777401193976402283e-02 9.995912909507751465e-01 -2.239017188549041748e-02 -4.929130375385284424e-01 2.469431757926940918e-01 1.731118932366371155e-02 9.688753485679626465e-01 2.371914482116699219e+01
9.665549397468566895e-01 -2.029503881931304932e-02 -2.556553184986114502e-01 -3.206361055374145508e+00 1.435551978647708893e-02 9.995824098587036133e-01 -2.507738210260868073e-02 -5.317295789718627930e-01 2.560575008392333984e-01 2.056860178709030151e-02 9.664427042007446289e-01 2.468330955505371094e+01
9.641364812850952148e-01 -2.322855219244956970e-02 -2.643885612487792969e-01 -3.471182584762573242e+00 1.673690415918827057e-02 9.995012283325195312e-01 -2.677992731332778931e-02 -5.687020421028137207e-01 2.648787498474121094e-01 2.139445766806602478e-02 9.640443325042724609e-01 2.564747047424316406e+01
9.616197943687438965e-01 -2.630459330976009369e-02 -2.731215953826904297e-01 -3.737430095672607422e+00 1.902404427528381348e-02 9.993904232978820801e-01 -2.927143499255180359e-02 -6.036089062690734863e-01 2.737250626087188721e-01 2.295211330056190491e-02 9.615340828895568848e-01 2.661131477355957031e+01
9.594725370407104492e-01 -2.535456605255603790e-02 -2.806593179702758789e-01 -4.038816452026367188e+00 1.722769439220428467e-02 9.993588328361511230e-01 -3.138613700866699219e-02 -6.519618630409240723e-01 2.812751531600952148e-01 2.527902275323867798e-02 9.592941403388977051e-01 2.756409645080566406e+01
9.570744037628173828e-01 -2.515703067183494568e-02 -2.887484729290008545e-01 -4.336582660675048828e+00 1.569372788071632385e-02 9.992625713348388672e-01 -3.504230827093124390e-02 -6.909853219985961914e-01 2.894171178340911865e-01 2.900655753910541534e-02 9.567635059356689453e-01 2.851848030090332031e+01
9.546566605567932129e-01 -2.660660631954669952e-02 -2.965176105499267578e-01 -4.638116836547851562e+00 1.543794013559818268e-02 9.990826249122619629e-01 -3.994456306099891663e-02 -7.419678568840026855e-01 2.973083853721618652e-01 3.355572372674942017e-02 9.541916847229003906e-01 2.947109413146972656e+01
9.526518583297729492e-01 -2.899985201656818390e-02 -3.026770651340484619e-01 -4.940494060516357422e+00 1.536757498979568481e-02 9.987613558769226074e-01 -4.732430726289749146e-02 -7.992635369300842285e-01 3.036745488643646240e-01 4.043217748403549194e-02 9.519175291061401367e-01 3.042297744750976562e+01
9.515496492385864258e-01 -2.915378287434577942e-02 -3.061099350452423096e-01 -5.273084163665771484e+00 1.282317098230123520e-02 9.983915686607360840e-01 -5.522528290748596191e-02 -8.616833686828613281e-01 3.072276115417480469e-01 4.862429946660995483e-02 9.503930211067199707e-01 3.136421966552734375e+01
9.502766728401184082e-01 -2.918741106986999512e-02 -3.100360929965972900e-01 -5.592360973358154297e+00 9.842498227953910828e-03 9.979155659675598145e-01 -6.377798318862915039e-02 -9.262682199478149414e-01 3.112513720989227295e-01 5.755519866943359375e-02 9.485831260681152344e-01 3.230995178222656250e+01
9.489071369171142578e-01 -2.804356813430786133e-02 -3.143068253993988037e-01 -5.912265777587890625e+00 5.453606136143207550e-03 9.973518848419189453e-01 -7.252257317304611206e-02 -9.972516894340515137e-01 3.155082762241363525e-01 6.710308045148849487e-02 9.465472698211669922e-01 3.325503158569335938e+01
9.475044608116149902e-01 -2.840733155608177185e-02 -3.184781968593597412e-01 -6.239943027496337891e+00 3.209009068086743355e-03 9.968401789665222168e-01 -7.936813682317733765e-02 -1.079814910888671875e+00 3.197264969348907471e-01 7.417966425418853760e-02 9.446016550064086914e-01 3.419649887084960938e+01
9.457215666770935059e-01 -2.762275002896785736e-02 -3.238019347190856934e-01 -6.568429470062255859e+00 -3.666883567348122597e-04 9.962897300720214844e-01 -8.606200665235519409e-02 -1.165323495864868164e+00 3.249778151512145996e-01 8.150943368673324585e-02 9.422025680541992188e-01 3.513749694824218750e+01
9.441291689872741699e-01 -2.615133114159107208e-02 -3.285364806652069092e-01 -6.907385349273681641e+00 -4.314758814871311188e-03 9.957807064056396484e-01 -9.166312217712402344e-02 -1.261923432350158691e+00 3.295474350452423096e-01 8.795938640832901001e-02 9.400327801704406738e-01 3.607365798950195312e+01
9.425759315490722656e-01 -2.373715117573738098e-02 -3.331473469734191895e-01 -7.256895542144775391e+00 -9.249417111277580261e-03 9.952334761619567871e-01 -9.708103537559509277e-02 -1.359070420265197754e+00 3.338638246059417725e-01 9.458766132593154907e-02 9.378635883331298828e-01 3.700586318969726562e+01
9.408564567565917969e-01 -2.106757462024688721e-02 -3.381497859954833984e-01 -7.604614257812500000e+00 -1.364321820437908173e-02 9.948993921279907227e-01 -9.994514286518096924e-02 -1.464158296585083008e+00 3.385306298732757568e-01 9.864748269319534302e-02 9.357700943946838379e-01 3.793790435791015625e+01
9.390071034431457520e-01 -2.058334089815616608e-02 -3.432812392711639404e-01 -7.955166339874267578e+00 -1.521461550146341324e-02 9.947433471679687500e-01 -1.012632474303245544e-01 -1.568268060684204102e+00 3.435610532760620117e-01 1.003098040819168091e-01 9.337578415870666504e-01 3.886899948120117188e+01
9.368228316307067871e-01 -1.991671882569789886e-02 -3.492367267608642578e-01 -8.314455032348632812e+00 -1.629352383315563202e-02 9.948096275329589844e-01 -1.004404425621032715e-01 -1.676042795181274414e+00 3.494245111942291260e-01 9.978519380092620850e-02 9.316359162330627441e-01 3.979640197753906250e+01
9.346336126327514648e-01 -1.866319030523300171e-02 -3.551220297813415527e-01 -8.685988426208496094e+00 -1.771194674074649811e-02 9.949393272399902344e-01 -9.890381246805191040e-02 -1.783871769905090332e+00 3.551707565784454346e-01 9.872873872518539429e-02 9.295732378959655762e-01 4.071895599365234375e+01
9.319382905960083008e-01 -1.885193958878517151e-02 -3.621265888214111328e-01 -9.046862602233886719e+00 -1.754794269800186157e-02 9.951330423355102539e-01 -9.696549922227859497e-02 -1.891639828681945801e+00 3.621921241283416748e-01 9.672044217586517334e-02 9.270717501640319824e-01 4.164581680297851562e+01
9.287531971931457520e-01 -1.809518411755561829e-02 -3.702567815780639648e-01 -9.424045562744140625e+00 -1.795944198966026306e-02 9.954386353492736816e-01 -9.369857609272003174e-02 -1.998429536819458008e+00 3.702633976936340332e-01 9.367245435714721680e-02 9.241918325424194336e-01 4.256636047363281250e+01
9.255051612854003906e-01 -1.553420163691043854e-02 -3.784162700176239014e-01 -9.814043998718261719e+00 -1.922636851668357849e-02 9.959431886672973633e-01 -8.790659159421920776e-02 -2.101251840591430664e+00 3.782466650009155273e-01 8.863357454538345337e-02 9.214518666267395020e-01 4.348200607299804688e+01
9.219497442245483398e-01 -1.180509477853775024e-02 -3.871296048164367676e-01 -1.020879459381103516e+01 -2.191179431974887848e-02 9.963447451591491699e-01 -8.256541192531585693e-02 -2.200431346893310547e+00 3.866892457008361816e-01 8.460386842489242554e-02 9.183210730552673340e-01 4.439606094360351562e+01
9.184984564781188965e-01 -6.753250956535339355e-03 -3.953669667243957520e-01 -1.062595844268798828e+01 -2.641349099576473236e-02 9.965732097625732422e-01 -7.838504761457443237e-02 -2.295906066894531250e+00 3.945414721965789795e-01 8.243956416845321655e-02 9.151725172996520996e-01 4.530047607421875000e+01
9.148406386375427246e-01 -5.048858933150768280e-03 -4.037834405899047852e-01 -1.104979991912841797e+01 -2.824666537344455719e-02 9.966724514961242676e-01 -7.645993679761886597e-02 -2.385306119918823242e+00 4.028258621692657471e-01 8.135420083999633789e-02 9.116538763046264648e-01 4.620241546630859375e+01
9.109452962875366211e-01 -4.794499836862087250e-03 -4.124992787837982178e-01 -1.147571182250976562e+01 -2.904735878109931946e-02 9.967050552368164062e-01 -7.573166489601135254e-02 -2.471600532531738281e+00 4.115032255649566650e-01 8.096942305564880371e-02 9.078045487403869629e-01 4.710370254516601562e+01
9.069998264312744141e-01 -4.641140811145305634e-03 -4.211054444313049316e-01 -1.190310192108154297e+01 -2.938953042030334473e-02 9.968037605285644531e-01 -7.428686320781707764e-02 -2.555763721466064453e+00 4.201042652130126953e-01 7.975426316261291504e-02 9.039644002914428711e-01 4.800448989868164062e+01
9.028787612915039062e-01 -4.228016827255487442e-03 -4.298744499683380127e-01 -1.233407020568847656e+01 -2.980729937553405762e-02 9.969294071197509766e-01 -7.241047173738479614e-02 -2.639068603515625000e+00 4.288606345653533936e-01 7.819127291440963745e-02 8.999803662300109863e-01 4.890366363525390625e+01
8.990951180458068848e-01 -4.600707441568374634e-03 -4.377291202545166016e-01 -1.277916145324707031e+01 -2.899280376732349396e-02 9.971233606338500977e-01 -7.003135234117507935e-02 -2.718439102172851562e+00 4.367921352386474609e-01 7.565584033727645874e-02 8.963753581047058105e-01 4.979622268676757812e+01
8.951393961906433105e-01 -4.143732599914073944e-03 -4.457670450210571289e-01 -1.322748947143554688e+01 -2.816163375973701477e-02 9.974338412284851074e-01 -6.582291424274444580e-02 -2.795164823532104492e+00 4.448958933353424072e-01 7.147421687841415405e-02 8.927256464958190918e-01 5.068741226196289062e+01
8.914035558700561523e-01 -1.649138634093105793e-03 -4.532074034214019775e-01 -1.368617153167724609e+01 -2.871336042881011963e-02 9.977788925170898438e-01 -6.010640785098075867e-02 -2.869082689285278320e+00 4.522999227046966553e-01 6.659217178821563721e-02 8.893763422966003418e-01 5.157351303100585938e+01
8.874922394752502441e-01 -1.485412358306348324e-03 -4.608202576637268066e-01 -1.415322875976562500e+01 -2.731606923043727875e-02 9.980668425559997559e-01 -5.582511052489280701e-02 -2.941381931304931641e+00 4.600123167037963867e-01 6.213214993476867676e-02 8.857359886169433594e-01 5.245537567138671875e+01
8.841208815574645996e-01 -6.233790190890431404e-04 -4.672578573226928711e-01 -1.463429260253906250e+01 -2.775471284985542297e-02 9.981633424758911133e-01 -5.384768918156623840e-02 -3.010645151138305664e+00 4.664332270622253418e-01 6.057647243142127991e-02 8.824797868728637695e-01 5.332983398437500000e+01
8.807808160781860352e-01 -1.837091404013335705e-03 -4.735206663608551025e-01 -1.511079502105712891e+01 -2.626777440309524536e-02 9.982631206512451172e-01 -5.273275822401046753e-02 -3.071996927261352539e+00 4.727950990200042725e-01 5.888433381915092468e-02 8.792027235031127930e-01 5.420735931396484375e+01
8.771822452545166016e-01 -3.260736353695392609e-03 -4.801464974880218506e-01 -1.558185291290283203e+01 -2.417897619307041168e-02 9.984083175659179688e-01 -5.095301941037178040e-02 -3.129077434539794922e+00 4.795484244823455811e-01 5.630453675985336304e-02 8.757072091102600098e-01 5.508813476562500000e+01
8.738880753517150879e-01 -5.604076664894819260e-03 -4.860948324203491211e-01 -1.606273841857910156e+01 -2.122571691870689392e-02 9.985400438308715820e-01 -4.967095702886581421e-02 -3.190669775009155273e+00 4.856635332107543945e-01 5.372456833720207214e-02 8.724933266639709473e-01 5.596322631835937500e+01
8.711563348770141602e-01 -7.223771885037422180e-03 -4.909525513648986816e-01 -1.655710983276367188e+01 -1.968625374138355255e-02 9.985738992691040039e-01 -4.962449893355369568e-02 -3.249398708343505859e+00 4.906108975410461426e-01 5.289571359753608704e-02 8.697718381881713867e-01 5.683087921142578125e+01
8.688064813613891602e-01 -9.054777212440967560e-03 -4.950689971446990967e-01 -1.705021476745605469e+01 -1.808776333928108215e-02 9.985851049423217773e-01 -5.000662803649902344e-02 -3.311337709426879883e+00 4.948213100433349609e-01 5.240077525377273560e-02 8.674134016036987305e-01 5.769897460937500000e+01
8.673795461654663086e-01 -8.568597957491874695e-03 -4.975734353065490723e-01 -1.754982376098632812e+01 -1.912189461290836334e-02 9.985395073890686035e-01 -5.052927508950233459e-02 -3.367841482162475586e+00 4.972797036170959473e-01 5.334260314702987671e-02 8.659488558769226074e-01 5.856358337402343750e+01
8.664095401763916016e-01 -9.483110159635543823e-03 -4.992440044879913330e-01 -1.803695678710937500e+01 -1.758426427841186523e-02 9.986200332641601562e-01 -4.948521777987480164e-02 -3.429181337356567383e+00 4.990243613719940186e-01 5.165330320596694946e-02 8.650471568107604980e-01 5.943488693237304688e+01
8.662016391754150391e-01 -9.202352724969387054e-03 -4.996098577976226807e-01 -1.853753280639648438e+01 -1.689591072499752045e-02 9.987193346023559570e-01 -4.768887907266616821e-02 -3.488277435302734375e+00 4.994088709354400635e-01 4.974954947829246521e-02 8.649368882179260254e-01 6.029859161376953125e+01
8.654883503913879395e-01 -1.182250212877988815e-02 -5.007895827293395996e-01 -1.902825355529785156e+01 -1.366638671606779099e-02 9.987920522689819336e-01 -4.719810932874679565e-02 -3.544716835021972656e+00 5.007426142692565918e-01 4.769339412450790405e-02 8.642812967300415039e-01 6.116817474365234375e+01
8.645845651626586914e-01 -1.439685653895139694e-02 -5.022810697555541992e-01 -1.952514839172363281e+01 -1.114529371261596680e-02 9.987941384315490723e-01 -4.781295731663703918e-02 -3.603659629821777344e+00 5.023637413978576660e-01 4.693641513586044312e-02 8.633815050125122070e-01 6.203409957885742188e+01
8.631024360656738281e-01 -1.767831668257713318e-02 -5.047194361686706543e-01 -2.002475547790527344e+01 -7.605093996971845627e-03 9.988188743591308594e-01 -4.798985272645950317e-02 -3.663685798645019531e+00 5.049716830253601074e-01 4.525859653949737549e-02 8.619485497474670410e-01 6.289846420288085938e+01
8.615410327911376953e-01 -1.739011332392692566e-02 -5.073900222778320312e-01 -2.053792572021484375e+01 -6.908268202096223831e-03 9.989190697669982910e-01 -4.596675559878349304e-02 -3.719536542892456055e+00 5.076409578323364258e-01 4.310743138194084167e-02 8.604896664619445801e-01 6.375515365600585938e+01
8.594049811363220215e-01 -1.643004268407821655e-02 -5.110314488410949707e-01 -2.104839897155761719e+01 -5.766753572970628738e-03 9.991084933280944824e-01 -4.182007163763046265e-02 -3.780110120773315430e+00 5.112629532814025879e-01 3.888737037777900696e-02 8.585440516471862793e-01 6.461321258544921875e+01
8.562417030334472656e-01 -1.728928461670875549e-02 -5.162859559059143066e-01 -2.155801773071289062e+01 -2.571131102740764618e-03 9.992847442626953125e-01 -3.772798553109169006e-02 -3.837100982666015625e+00 5.165689587593078613e-01 3.363171219825744629e-02 8.555848598480224609e-01 6.547215270996093750e+01
8.520847558975219727e-01 -1.824085414409637451e-02 -5.230858922004699707e-01 -2.208322525024414062e+01 -5.224641645327210426e-04 9.993624091148376465e-01 -3.570045903325080872e-02 -3.892786264419555664e+00 5.234035849571228027e-01 3.069310821592807770e-02 8.515319228172302246e-01 6.632186889648437500e+01
8.464723229408264160e-01 -2.228523790836334229e-02 -5.319661498069763184e-01 -2.261374092102050781e+01 2.244661096483469009e-03 9.992641806602478027e-01 -3.828964754939079285e-02 -3.942216396331787109e+00 5.324280261993408203e-01 3.121704235672950745e-02 8.458994626998901367e-01 6.716885375976562500e+01
8.402655124664306641e-01 -2.557263709604740143e-02 -5.415717363357543945e-01 -2.315387344360351562e+01 3.518680809065699577e-03 9.991232156753540039e-01 -4.171855375170707703e-02 -3.994220018386840820e+00 5.421637296676635742e-01 3.314904496073722839e-02 8.396187424659729004e-01 6.800965881347656250e+01
8.339967727661132812e-01 -2.596128918230533600e-02 -5.511582493782043457e-01 -2.370816230773925781e+01 4.012001212686300278e-03 9.991514086723327637e-01 -4.099233075976371765e-02 -4.048781871795654297e+00 5.517547726631164551e-01 3.197622299194335938e-02 8.333931565284729004e-01 6.884103393554687500e+01
8.282449841499328613e-01 -2.256797067821025848e-02 -5.599115490913391113e-01 -2.427599334716796875e+01 3.055304521694779396e-03 9.993557333946228027e-01 -3.576080873608589172e-02 -4.101186275482177734e+00 5.603578090667724609e-01 2.790801040828227997e-02 8.277803063392639160e-01 6.966328430175781250e+01
8.231133818626403809e-01 -1.755670458078384399e-02 -5.676055550575256348e-01 -2.485211944580078125e+01 -3.467709466349333525e-04 9.995062351226806641e-01 -3.141877055168151855e-02 -4.151431560516357422e+00 5.678769350051879883e-01 2.605803869664669037e-02 8.227009177207946777e-01 7.047980499267578125e+01
8.191161155700683594e-01 -1.779571175575256348e-02 -5.733516216278076172e-01 -2.543258285522460938e+01 -1.454607816413044930e-03 9.994510412216186523e-01 -3.309911862015724182e-02 -4.196527957916259766e+00 5.736259222030639648e-01 2.794602513313293457e-02 8.186405301094055176e-01 7.129336547851562500e+01
8.157631158828735352e-01 -1.925873383879661560e-02 -5.780654549598693848e-01 -2.601664543151855469e+01 -2.777233952656388283e-03 9.993035197257995605e-01 -3.721185401082038879e-02 -4.247667312622070312e+00 5.783795118331909180e-01 3.196148201823234558e-02 8.151414990425109863e-01 7.210389709472656250e+01
8.130675554275512695e-01 -2.057686820626258850e-02 -5.818055868148803711e-01 -2.661094856262207031e+01 -6.389313843101263046e-03 9.989995956420898438e-01 -4.426087439060211182e-02 -4.300694465637207031e+00 5.821343064308166504e-01 3.970441967248916626e-02 8.121226429939270020e-01 7.290674591064453125e+01
8.094291687011718750e-01 -2.256691642105579376e-02 -5.867837071418762207e-01 -2.719272041320800781e+01 -5.123174749314785004e-03 9.989518523216247559e-01 -4.548542946577072144e-02 -4.360827445983886719e+00 5.871951580047607422e-01 3.982342779636383057e-02 8.084651827812194824e-01 7.371833038330078125e+01
8.064019680023193359e-01 -2.016531303524971008e-02 -5.910239219665527344e-01 -2.779335212707519531e+01 -5.444530863314867020e-03 9.991229176521301270e-01 -4.151795804500579834e-02 -4.416319847106933594e+00 5.913427472114562988e-01 3.669800981879234314e-02 8.055849075317382812e-01 7.451632690429687500e+01
8.030723333358764648e-01 -1.792350783944129944e-02 -5.956119298934936523e-01 -2.839109992980957031e+01 -4.615429323166608810e-03 9.993304610252380371e-01 -3.629549592733383179e-02 -4.470336437225341797e+00 5.958636999130249023e-01 3.189691156148910522e-02 8.024519085884094238e-01 7.531662750244140625e+01
7.995245456695556641e-01 -1.713084615767002106e-02 -6.003890633583068848e-01 -2.898673820495605469e+01 -3.623004537075757980e-03 9.994374513626098633e-01 -3.334153071045875549e-02 -4.519311428070068359e+00 6.006224751472473145e-01 2.883258461952209473e-02 7.990127205848693848e-01 7.611883544921875000e+01
7.965500354766845703e-01 -1.597146503627300262e-02 -6.043615937232971191e-01 -2.959737396240234375e+01 -5.503979045897722244e-03 9.994179606437683105e-01 -3.366588056087493896e-02 -4.568079948425292969e+00 6.045475006103515625e-01 3.014295361936092377e-02 7.959985733032226562e-01 7.690962982177734375e+01
7.930723428726196289e-01 -1.666700467467308044e-02 -6.088994145393371582e-01 -3.021421623229980469e+01 -6.103320047259330750e-03 9.993579983711242676e-01 -3.530415520071983337e-02 -4.617304325103759766e+00 6.090968847274780273e-01 3.171505779027938843e-02 7.924614548683166504e-01 7.769562530517578125e+01
7.888630032539367676e-01 -1.999807171523571014e-02 -6.142436265945434570e-01 -3.082807350158691406e+01 -4.265291616320610046e-03 9.992682337760925293e-01 -3.801124915480613708e-02 -4.665803909301757812e+00 6.145542860031127930e-01 3.260559588670730591e-02 7.882004380226135254e-01 7.848406982421875000e+01
7.843891382217407227e-01 -2.150611020624637604e-02 -6.198961138725280762e-01 -3.144848442077636719e+01 -2.918041776865720749e-03 9.992597103118896484e-01 -3.835976496338844299e-02 -4.716156005859375000e+00 6.202622056007385254e-01 3.189786523580551147e-02 7.837457060813903809e-01 7.926728820800781250e+01
7.796139121055603027e-01 -2.236298844218254089e-02 -6.258610486984252930e-01 -3.207506942749023438e+01 -1.388635952025651932e-03 9.992980360984802246e-01 -3.743625059723854065e-02 -4.769501686096191406e+00 6.262589097023010254e-01 3.005491383373737335e-02 7.790355682373046875e-01 8.004541015625000000e+01
7.745044231414794922e-01 -2.160694450139999390e-02 -6.321993470191955566e-01 -3.270563125610351562e+01 -1.835794653743505478e-03 9.993354678153991699e-01 -3.640373423695564270e-02 -4.826320648193359375e+00 6.325658559799194336e-01 2.935544215142726898e-02 7.739500999450683594e-01 8.082010650634765625e+01
7.695391774177551270e-01 -2.161450125277042389e-02 -6.382337212562561035e-01 -3.334996414184570312e+01 -3.159859916195273399e-03 9.992859363555908203e-01 -3.765188530087471008e-02 -4.877315998077392578e+00 6.385917663574218750e-01 3.099132888019084930e-02 7.689213752746582031e-01 8.158377838134765625e+01
7.635629773139953613e-01 -2.380151487886905670e-02 -6.452945470809936523e-01 -3.398787689208984375e+01 -1.224485691636800766e-03 9.992653131484985352e-01 -3.830653801560401917e-02 -4.931143760681152344e+00 6.457322239875793457e-01 3.003960661590099335e-02 7.629728317260742188e-01 8.235272979736328125e+01
7.582749724388122559e-01 -2.407963760197162628e-02 -6.514900326728820801e-01 -3.464822769165039062e+01 -2.024404238909482956e-03 9.992258548736572266e-01 -3.928847610950469971e-02 -4.982181072235107422e+00 6.519317626953125000e-01 3.111034631729125977e-02 7.576391696929931641e-01 8.310261535644531250e+01
7.526484131813049316e-01 -2.541527710855007172e-02 -6.579319238662719727e-01 -3.531193161010742188e+01 -1.464643282815814018e-03 9.991876482963562012e-01 -4.027315229177474976e-02 -5.035808086395263672e+00 6.584210395812988281e-01 3.127515688538551331e-02 7.519997358322143555e-01 8.384938812255859375e+01
7.466697692871093750e-01 -2.709605917334556580e-02 -6.646428108215332031e-01 -3.598393249511718750e+01 -7.575350464321672916e-04 9.991347193717956543e-01 -4.158360138535499573e-02 -5.086122512817382812e+00 6.651945114135742188e-01 3.155270591378211975e-02 7.460031509399414062e-01 8.458896636962890625e+01
7.408665418624877930e-01 -2.722744084894657135e-02 -6.711001992225646973e-01 -3.666490173339843750e+01 -9.668293641880154610e-04 9.991337060928344727e-01 -4.160354658961296082e-02 -5.142699718475341797e+00 6.716516017913818359e-01 3.147151321172714233e-02 7.401984333992004395e-01 8.531981658935546875e+01
7.344943284988403320e-01 -2.644007094204425812e-02 -6.780995130538940430e-01 -3.734238815307617188e+01 -7.010929984971880913e-04 9.992105960845947266e-01 -3.972005099058151245e-02 -5.200730323791503906e+00 6.786144375801086426e-01 2.964956499636173248e-02 7.338960170745849609e-01 8.605384826660156250e+01
7.281833887100219727e-01 -2.636575885117053986e-02 -6.848750114440917969e-01 -3.803498840332031250e+01 -7.590326131321489811e-04 9.992281794548034668e-01 -3.927450254559516907e-02 -5.250207901000976562e+00 6.853818893432617188e-01 2.911888249218463898e-02 7.276013493537902832e-01 8.677425384521484375e+01
7.213116884231567383e-01 -2.891273610293865204e-02 -6.920068860054016113e-01 -3.872483444213867188e+01 1.466827117837965488e-03 9.991898536682128906e-01 -4.021820053458213806e-02 -5.301700592041015625e+00 6.926090717315673828e-01 2.799480408430099487e-02 7.207697033882141113e-01 8.749720764160156250e+01
7.151031494140625000e-01 -3.018176369369029999e-02 -6.983670592308044434e-01 -3.942718505859375000e+01 1.434937468729913235e-03 9.991286993026733398e-01 -4.171064123511314392e-02 -5.358768939971923828e+00 6.990174651145935059e-01 2.882529981434345245e-02 7.145234346389770508e-01 8.820751190185546875e+01
7.092539668083190918e-01 -2.905341051518917084e-02 -7.043541073799133301e-01 -4.013561248779296875e+01 -4.005919327028095722e-04 9.991335868835449219e-01 -4.161594063043594360e-02 -5.411681652069091797e+00 7.049529552459716797e-01 2.979842945933341980e-02 7.086278200149536133e-01 8.891203308105468750e+01
7.036557197570800781e-01 -2.858185768127441406e-02 -7.099660038948059082e-01 -4.084692382812500000e+01 -4.574394260998815298e-04 9.991722106933593750e-01 -4.067811369895935059e-02 -5.467240810394287109e+00 7.105409502983093262e-01 2.894815430045127869e-02 7.030601501464843750e-01 8.961340332031250000e+01
6.985990405082702637e-01 -2.842847816646099091e-02 -7.149484157562255859e-01 -4.156508636474609375e+01 -8.921002154238522053e-04 9.991750121116638184e-01 -4.060187190771102905e-02 -5.520911216735839844e+00 7.155128121376037598e-01 2.900223433971405029e-02 6.979973316192626953e-01 9.030783081054687500e+01
6.937493085861206055e-01 -2.946924790740013123e-02 -7.196134328842163086e-01 -4.228680801391601562e+01 -6.013121455907821655e-04 9.991384744644165039e-01 -4.149591922760009766e-02 -5.576574802398681641e+00 7.202163338661193848e-01 2.922047674655914307e-02 6.931338906288146973e-01 9.099836730957031250e+01
6.881954073905944824e-01 -3.143539279699325562e-02 -7.248440384864807129e-01 -4.301071548461914062e+01 -8.349477429874241352e-04 9.990259408950805664e-01 -4.411897808313369751e-02 -5.634386062622070312e+00 7.255249023437500000e-01 3.096768632531166077e-02 6.874988079071044922e-01 9.168651580810546875e+01
6.826587915420532227e-01 -3.440147638320922852e-02 -7.299270629882812500e-01 -4.373902511596679688e+01 4.063065862283110619e-04 9.989089369773864746e-01 -4.669860377907752991e-02 -5.690681457519531250e+00 7.307371497154235840e-01 3.158263862133026123e-02 6.819279193878173828e-01 9.237011718750000000e+01
6.779292225837707520e-01 -3.459222242236137390e-02 -7.343128323554992676e-01 -4.448027038574218750e+01 -3.176022146362811327e-04 9.988783597946166992e-01 -4.734867066144943237e-02 -5.748190402984619141e+00 7.351270914077758789e-01 3.233226761221885681e-02 6.771578788757324219e-01 9.303947448730468750e+01
6.723361015319824219e-01 -3.518359363079071045e-02 -7.394094467163085938e-01 -4.521627807617187500e+01 1.939756562933325768e-03 9.989501237869262695e-01 -4.576961696147918701e-02 -5.809766769409179688e+00 7.402434945106506348e-01 2.933828905224800110e-02 6.716984510421752930e-01 9.371431732177734375e+01
6.673255562782287598e-01 -3.469487279653549194e-02 -7.439575791358947754e-01 -4.596382904052734375e+01 2.038846490904688835e-03 9.989957213401794434e-01 -4.475988447666168213e-02 -5.870390892028808594e+00 7.447633147239685059e-01 2.835260145366191864e-02 6.667261123657226562e-01 9.437637329101562500e+01
6.617691516876220703e-01 -3.656685724854469299e-02 -7.488153576850891113e-01 -4.671047210693359375e+01 3.913120366632938385e-03 9.989646673202514648e-01 -4.532414674758911133e-02 -5.926210880279541016e+00 7.496974468231201172e-01 2.706391923129558563e-02 6.612271070480346680e-01 9.503992462158203125e+01
6.566492915153503418e-01 -3.813048824667930603e-02 -7.532315254211425781e-01 -4.746183776855468750e+01 5.799714941531419754e-03 9.989469051361083984e-01 -4.551316797733306885e-02 -5.983015537261962891e+00 7.541737556457519531e-01 2.551766298711299896e-02 6.561789512634277344e-01 9.569797515869140625e+01
6.521567106246948242e-01 -3.886590152978897095e-02 -7.570872306823730469e-01 -4.822031402587890625e+01 6.917994003742933273e-03 9.989484548568725586e-01 -4.532293602824211121e-02 -6.038697242736816406e+00 7.580525875091552734e-01 2.432013116776943207e-02 6.517397761344909668e-01 9.634784698486328125e+01
6.479808688163757324e-01 -3.990288823843002319e-02 -7.606106400489807129e-01 -4.898189544677734375e+01 8.262566290795803070e-03 9.989362359046936035e-01 -4.536677896976470947e-02 -6.094627380371093750e+00 7.616118192672729492e-01 2.311220951378345490e-02 6.476212739944458008e-01 9.699401092529296875e+01
6.433552503585815430e-01 -4.413112252950668335e-02 -7.642947435379028320e-01 -4.974048233032226562e+01 1.331283990293741226e-02 9.988310933113098145e-01 -4.646721854805946350e-02 -6.155792713165283203e+00 7.654520273208618164e-01 1.971999555826187134e-02 6.431907415390014648e-01 9.764323425292968750e+01
6.393225789070129395e-01 -4.858321696519851685e-02 -7.674022912979125977e-01 -5.051169204711914062e+01 1.615845225751399994e-02 9.986304640769958496e-01 -4.976036027073860168e-02 -6.214470386505126953e+00 7.687688469886779785e-01 1.941288821399211884e-02 6.392320394515991211e-01 9.827758789062500000e+01
6.341530680656433105e-01 -5.296620726585388184e-02 -7.713912129402160645e-01 -5.127847290039062500e+01 2.086463011801242828e-02 9.984599351882934570e-01 -5.140487104654312134e-02 -6.272830963134765625e+00 7.729259729385375977e-01 1.650376617908477783e-02 6.342815756797790527e-01 9.891744232177734375e+01
6.270434856414794922e-01 -5.704420432448387146e-02 -7.768927812576293945e-01 -5.205087280273437500e+01 2.717611566185951233e-02 9.983099699020385742e-01 -5.136769637465476990e-02 -6.338892936706542969e+00 7.785100340843200684e-01 1.109685190021991730e-02 6.275340318679809570e-01 9.954995727539062500e+01
6.179583668708801270e-01 -6.118851900100708008e-02 -7.838261723518371582e-01 -5.282833099365234375e+01 3.325557336211204529e-02 9.981089234352111816e-01 -5.169800296425819397e-02 -6.407083988189697266e+00 7.855072021484375000e-01 5.880625452846288681e-03 6.188246011734008789e-01 1.001762619018554688e+02
6.088397502899169922e-01 -6.207962334156036377e-02 -7.908604741096496582e-01 -5.361806488037109375e+01 3.591652587056159973e-02 9.980681538581848145e-01 -5.069451406598091125e-02 -6.467363834381103516e+00 7.924797534942626953e-01 2.459872281178832054e-03 6.098932623863220215e-01 1.007878799438476562e+02
5.998641848564147949e-01 -6.025484576821327209e-02 -7.978297472000122070e-01 -5.441718292236328125e+01 3.616581112146377563e-02 9.981830120086669922e-01 -4.819422960281372070e-02 -6.531349658966064453e+00 7.992841005325317383e-01 5.582853555097244680e-05 6.009534001350402832e-01 1.013867874145507812e+02
5.906786918640136719e-01 -5.970941856503486633e-02 -8.046946525573730469e-01 -5.522335433959960938e+01 3.534417971968650818e-02 9.982157945632934570e-01 -4.812487587332725525e-02 -6.593541622161865234e+00 8.061324357986450195e-01 -1.493259696871973574e-05 5.917351841926574707e-01 1.019763870239257812e+02
5.808534622192382812e-01 -6.145621091127395630e-02 -8.116849064826965332e-01 -5.603525924682617188e+01 3.519698232412338257e-02 9.981095194816589355e-01 -5.038376525044441223e-02 -6.652244091033935547e+00 8.132468461990356445e-01 6.967242807149887085e-04 5.819184184074401855e-01 1.025584869384765625e+02
5.704458951950073242e-01 -6.416483968496322632e-02 -8.188250064849853516e-01 -5.685209655761718750e+01 3.673374280333518982e-02 9.979392886161804199e-01 -5.260953679680824280e-02 -6.716234683990478516e+00 8.205133080482482910e-01 -6.761240365449339151e-05 5.716273784637451172e-01 1.031331253051757812e+02
5.604906082153320312e-01 -6.560409814119338989e-02 -8.255581855773925781e-01 -5.767781829833984375e+01 3.736318647861480713e-02 9.978455305099487305e-01 -5.392840877175331116e-02 -6.782986164093017578e+00 8.273174762725830078e-01 -6.191179854795336723e-04 5.617342591285705566e-01 1.036945495605468750e+02
5.496542453765869141e-01 -6.653466075658798218e-02 -8.327384591102600098e-01 -5.850601577758789062e+01 4.111064225435256958e-02 9.977698922157287598e-01 -5.258511006832122803e-02 -6.849941253662109375e+00 8.343800902366638184e-01 -5.330783315002918243e-03 5.511637330055236816e-01 1.042523574829101562e+02
5.388895869255065918e-01 -6.661608815193176270e-02 -8.397382497787475586e-01 -5.934184646606445312e+01 4.290522634983062744e-02 9.977448582649230957e-01 -5.161689594388008118e-02 -6.916209697723388672e+00 8.412830233573913574e-01 -8.213348686695098877e-03 5.405325293540954590e-01 1.047987442016601562e+02
5.294968485832214355e-01 -6.599904596805572510e-02 -8.457406163215637207e-01 -6.019547653198242188e+01 4.085266217589378357e-02 9.977960586547851562e-01 -5.228817462921142578e-02 -6.981027126312255859e+00 8.473276495933532715e-01 -6.864331196993589401e-03 5.310261249542236328e-01 1.053169174194335938e+02
5.196011066436767578e-01 -6.676374375820159912e-02 -8.517965078353881836e-01 -6.105186843872070312e+01 4.009621217846870422e-02 9.977493882179260254e-01 -5.374458059668540955e-02 -7.046382427215576172e+00 8.534675836563110352e-01 -6.228068843483924866e-03 5.211086869239807129e-01 1.058304748535156250e+02
5.096932649612426758e-01 -6.625977903604507446e-02 -8.578009009361267090e-01 -6.191130065917968750e+01 3.759746998548507690e-02 9.977928996086120605e-01 -5.473340302705764771e-02 -7.116801738739013672e+00 8.595343232154846191e-01 -4.353897180408239365e-03 5.110595226287841797e-01 1.063382644653320312e+02
4.994195103645324707e-01 -6.723718345165252686e-02 -8.637472391128540039e-01 -6.277268218994140625e+01 3.720896318554878235e-02 9.977285861968994141e-01 -5.615251883864402771e-02 -7.188969135284423828e+00 8.655608892440795898e-01 -4.095476120710372925e-03 5.007869601249694824e-01 1.068425140380859375e+02
