1.000000000000000000e+00 2.386850717073230044e-09 -7.392181089471705491e-09 0.000000000000000000e+00 -1.338439581388684019e-09 1.000000000000000000e+00 1.284199857565226921e-09 0.000000000000000000e+00 -7.392181089471705491e-09 1.284199857565226921e-09 1.000000000000000000e+00 0.000000000000000000e+00
9.997668862342834473e-01 2.955954521894454956e-03 2.138674445450305939e-02 1.098010912537574768e-01 -2.965920604765415192e-03 9.999954700469970703e-01 4.346242931205779314e-04 -3.310269676148891449e-03 -2.138537541031837463e-02 -4.979546065442264080e-04 9.997711777687072754e-01 9.926548600196838379e-01
9.988189935684204102e-01 4.234091378748416901e-03 4.840082302689552307e-02 2.630028426647186279e-01 -4.323509056121110916e-03 9.999891519546508789e-01 1.742851571179926395e-03 1.028984552249312401e-03 -4.839291423559188843e-02 -1.950053730979561806e-03 9.988265037536621094e-01 1.979200363159179688e+00
9.965912699699401855e-01 4.766975529491901398e-03 8.235941082239151001e-02 4.731711745262145996e-01 -5.131651647388935089e-03 9.999779462814331055e-01 4.216684028506278992e-03 -1.550087984651327133e-02 -8.233749121427536011e-02 -4.624946974217891693e-03 9.965937733650207520e-01 2.954662084579467773e+00
9.927117228507995605e-01 1.983498921617865562e-03 1.204973161220550537e-01 7.575893998146057129e-01 -2.772724488750100136e-03 9.999758005142211914e-01 6.382397841662168503e-03 -2.711200714111328125e-02 -1.204817146062850952e-01 -6.669982802122831345e-03 9.926931262016296387e-01 3.910942792892456055e+00
9.870591163635253906e-01 9.302530816057696939e-05 1.603569090366363525e-01 1.070014595985412598e+00 -1.233867951668798923e-03 9.999746680259704590e-01 7.014784961938858032e-03 -3.663377836346626282e-02 -1.603521704673767090e-01 -7.121866103261709213e-03 9.870342016220092773e-01 4.858337879180908203e+00
9.790062308311462402e-01 4.423412610776722431e-04 2.038297951221466064e-01 1.428582429885864258e+00 -2.171360654756426811e-03 9.999635815620422363e-01 8.259087800979614258e-03 -3.799597173929214478e-02 -2.038186937570571899e-01 -8.528281934559345245e-03 9.789714813232421875e-01 5.789053440093994141e+00
9.677253961563110352e-01 1.512385788373649120e-03 2.520025074481964111e-01 1.798639178276062012e+00 -4.523380193859338760e-03 9.999251365661621094e-01 1.136939320713281631e-02 -3.941259905695915222e-02 -2.519664764404296875e-01 -1.214235275983810425e-02 9.676597714424133301e-01 6.714902400970458984e+00
9.540398120880126953e-01 -2.306396374478936195e-03 2.996709942817687988e-01 2.251280784606933594e+00 -3.380942391231656075e-03 9.998238682746887207e-01 1.845871657133102417e-02 -4.371011257171630859e-02 -2.996607720851898193e-01 -1.862351596355438232e-02 9.538639783859252930e-01 7.603327751159667969e+00
9.376616477966308594e-01 -9.737526997923851013e-03 3.474130332469940186e-01 2.741364479064941406e+00 5.632401444017887115e-04 9.996486902236938477e-01 2.649865485727787018e-02 -4.939166083931922913e-02 -3.475490212440490723e-01 -2.465109340846538544e-02 9.373377561569213867e-01 8.471572875976562500e+00
9.171399474143981934e-01 -1.481045968830585480e-02 3.982901573181152344e-01 3.294672966003417969e+00 2.860196167603135109e-03 9.995281696319580078e-01 3.058140724897384644e-02 -4.756404086947441101e-02 -3.985551297664642334e-01 -2.690824307501316071e-02 9.167495369911193848e-01 9.300695419311523438e+00
8.928177952766418457e-01 -1.660439558327198029e-02 4.501118361949920654e-01 3.885913610458374023e+00 1.321388874202966690e-03 9.994125366210937500e-01 3.424676880240440369e-02 -4.254034906625747681e-02 -4.504160583019256592e-01 -2.998135052621364594e-02 8.923152089118957520e-01 1.010301208496093750e+01
8.651030063629150391e-01 -1.838473230600357056e-02 5.012571811676025391e-01 4.501187801361083984e+00 -1.140263746492564678e-03 9.992533922195434570e-01 3.861781209707260132e-02 -3.281454369425773621e-02 -5.015929341316223145e-01 -3.397994488477706909e-02 8.644361495971679688e-01 1.088689804077148438e+01
8.334872126579284668e-01 -2.279813773930072784e-02 5.520682930946350098e-01 5.164213180541992188e+00 -8.915495127439498901e-04 9.990916252136230469e-01 4.260437190532684326e-02 -2.269982360303401947e-02 -5.525380969047546387e-01 -3.600239381194114685e-02 8.327097296714782715e-01 1.163069725036621094e+01
7.983713746070861816e-01 -2.821543999016284943e-02 6.015040278434753418e-01 5.886434555053710938e+00 7.635204819962382317e-04 9.989482760429382324e-01 4.584540426731109619e-02 -3.297340124845504761e-02 -6.021649241447448730e-01 -3.614239394664764404e-02 7.975531816482543945e-01 1.231711483001708984e+01
7.608104944229125977e-01 -3.132067620754241943e-02 6.482179164886474609e-01 6.620277404785156250e+00 -1.626089506316930056e-04 9.988254904747009277e-01 4.845223575830459595e-02 -2.729745022952556610e-02 -6.489741206169128418e-01 -3.696837276220321655e-02 7.599117755889892578e-01 1.299116420745849609e+01
7.209879159927368164e-01 -3.366605192422866821e-02 6.921293139457702637e-01 7.376016139984130859e+00 -4.993731272406876087e-04 9.987936019897460938e-01 4.910279065370559692e-02 4.396511707454919815e-03 -6.929474472999572754e-01 -3.574814647436141968e-02 7.201012969017028809e-01 1.363984012603759766e+01
6.795568466186523438e-01 -3.508669510483741760e-02 7.327833771705627441e-01 8.169750213623046875e+00 -2.338847145438194275e-03 9.987469911575317383e-01 4.999036341905593872e-02 2.900669351220130920e-02 -7.336192131042480469e-01 -3.568515926599502563e-02 6.786231994628906250e-01 1.424187469482421875e+01
6.378788352012634277e-01 -3.564545139670372009e-02 7.693113684654235840e-01 8.999345779418945312e+00 -6.794958841055631638e-03 9.986289143562316895e-01 5.190477892756462097e-02 4.565316066145896912e-02 -7.701067328453063965e-01 -3.833640366792678833e-02 6.367620825767517090e-01 1.479404640197753906e+01
5.960957407951354980e-01 -3.582229837775230408e-02 8.021138310432434082e-01 9.830677986145019531e+00 -1.088407449424266815e-02 9.985519647598266602e-01 5.268375948071479797e-02 7.375482469797134399e-02 -8.028395175933837891e-01 -4.013483598828315735e-02 5.948427319526672363e-01 1.534331035614013672e+01
5.562387108802795410e-01 -3.697473555803298950e-02 8.301995992660522461e-01 1.069454002380371094e+01 -1.340556144714355469e-02 9.984804987907409668e-01 5.345129221677780151e-02 9.729484468698501587e-02 -8.309144377708435059e-01 -4.086096957325935364e-02 5.548978447914123535e-01 1.584063625335693359e+01
5.183098316192626953e-01 -3.968914225697517395e-02 8.542713522911071777e-01 1.158269023895263672e+01 -1.384227909147739410e-02 9.984022974967956543e-01 5.478388816118240356e-02 1.276020258665084839e-01 -8.550808429718017578e-01 -4.022008925676345825e-02 5.169323682785034180e-01 1.629326248168945312e+01
4.813036620616912842e-01 -3.921201825141906738e-02 8.756763339042663574e-01 1.248000049591064453e+01 -1.730155572295188904e-02 9.983792901039123535e-01 5.421610549092292786e-02 1.640871465206146240e-01 -8.763831257820129395e-01 -4.124497622251510620e-02 4.798452258110046387e-01 1.672724151611328125e+01
4.453812837600708008e-01 -3.886190801858901978e-02 8.944972157478332520e-01 1.339681625366210938e+01 -1.768434420228004456e-02 9.984808564186096191e-01 5.218478664755821228e-02 1.976127922534942627e-01 -8.951663374900817871e-01 -3.906073048710823059e-02 4.440174400806427002e-01 1.711894416809082031e+01
4.125238955020904541e-01 -3.783584758639335632e-02 9.101607799530029297e-01 1.432746696472167969e+01 -1.587528362870216370e-02 9.986867904663085938e-01 4.871128126978874207e-02 2.325304746627807617e-01 -9.108084440231323242e-01 -3.454362228512763977e-02 4.113814532756805420e-01 1.747710609436035156e+01
3.834453821182250977e-01 -3.641960769891738892e-02 9.228452444076538086e-01 1.526668643951416016e+01 -1.317771244794130325e-02 9.989047050476074219e-01 4.489663615822792053e-02 2.685371041297912598e-01 -9.234695434570312500e-01 -2.937639318406581879e-02 3.825454413890838623e-01 1.781288146972656250e+01
3.579329848289489746e-01 -3.432293236255645752e-02 9.331162571907043457e-01 1.620553016662597656e+01 -1.306093018501996994e-02 9.990423917770385742e-01 4.175793379545211792e-02 3.026764690876007080e-01 -9.336559176445007324e-01 -2.713389508426189423e-02 3.571419417858123779e-01 1.815063285827636719e+01
3.380023241043090820e-01 -3.392129018902778625e-02 9.405338168144226074e-01 1.715366744995117188e+01 -1.161256153136491776e-02 9.991238713264465332e-01 4.020763188600540161e-02 3.365536630153656006e-01 -9.410736560821533203e-01 -2.451227977871894836e-02 3.373122811317443848e-01 1.846254730224609375e+01
3.237748742103576660e-01 -3.452790156006813049e-02 9.455038905143737793e-01 1.810684204101562500e+01 -1.044897083193063736e-02 9.991424679756164551e-01 4.006477817893028259e-02 3.701073825359344482e-01 -9.460764527320861816e-01 -2.285150438547134399e-02 3.231363892555236816e-01 1.876007270812988281e+01
3.123815059661865234e-01 -3.619169816374778748e-02 9.492670893669128418e-01 1.905932044982910156e+01 -9.263831190764904022e-03 9.991104602813720703e-01 4.114052653312683105e-02 3.987734317779541016e-01 -9.499115347862243652e-01 -2.164538018405437469e-02 3.117683529853820801e-01 1.906090164184570312e+01
3.016113936901092529e-01 -3.820848837494850159e-02 9.526650905609130859e-01 2.001379203796386719e+01 -1.000311970710754395e-02 9.990149140357971191e-01 4.323439672589302063e-02 4.299537241458892822e-01 -9.533784389495849609e-01 -2.256960608065128326e-02 3.009321093559265137e-01 1.935523223876953125e+01
2.910247743129730225e-01 -3.991003707051277161e-02 9.558827280998229980e-01 2.096871566772460938e+01 -1.156213134527206421e-02 9.989098310470581055e-01 4.522667080163955688e-02 4.628237485885620117e-01 -9.566456675529479980e-01 -2.421412616968154907e-02 2.902460396289825439e-01 1.964797210693359375e+01
2.806697487831115723e-01 -4.168721660971641541e-02 9.588986635208129883e-01 2.192614936828613281e+01 -1.296307239681482315e-02 9.988005757331848145e-01 4.721620678901672363e-02 4.944463074207305908e-01 -9.597168564796447754e-01 -2.568242885172367096e-02 2.797926962375640869e-01 1.993259620666503906e+01
2.709043025970458984e-01 -4.372197389602661133e-02 9.616128802299499512e-01 2.289062690734863281e+01 -1.321488898247480392e-02 9.987049698829650879e-01 4.913132637739181519e-02 5.301917195320129395e-01 -9.625155329704284668e-01 -2.601749449968338013e-02 2.699756920337677002e-01 2.019196510314941406e+01
2.607334852218627930e-01 -4.541275277733802795e-02 9.643421769142150879e-01 2.385654067993164062e+01 -1.277707330882549286e-02 9.986431598663330078e-01 5.048264935612678528e-02 5.680208802223205566e-01 -9.653262495994567871e-01 -2.548398263752460480e-02 2.597994506359100342e-01 2.044554519653320312e+01
2.509676516056060791e-01 -4.699534177780151367e-02 9.668540358543395996e-01 2.482699584960937500e+01 -1.224758289754390717e-02 9.985867142677307129e-01 5.171687528491020203e-02 6.026625037193298340e-01 -9.679179787635803223e-01 -2.482087910175323486e-02 2.500374019145965576e-01 2.068176460266113281e+01
2.405925095081329346e-01 -5.001876875758171082e-02 9.693365693092346191e-01 2.579728507995605469e+01 -1.330722216516733170e-02 9.984074831008911133e-01 5.482175201177597046e-02 6.413679718971252441e-01 -9.705349802970886230e-01 -2.608887664973735809e-02 2.395437508821487427e-01 2.091781234741210938e+01
2.287650108337402344e-01 -5.336538329720497131e-02 9.720178246498107910e-01 2.676591873168945312e+01 -1.660765521228313446e-02 9.981370568275451660e-01 5.870798975229263306e-02 6.818950772285461426e-01 -9.733399748802185059e-01 -2.957327291369438171e-02 2.274525463581085205e-01 2.115995216369628906e+01
2.169804722070693970e-01 -5.741983279585838318e-02 9.744857549667358398e-01 2.774274635314941406e+01 -1.739198341965675354e-02 9.978827238082885742e-01 6.267097592353820801e-02 7.196205258369445801e-01 -9.760209918022155762e-01 -3.054661676287651062e-02 2.155223935842514038e-01 2.136712455749511719e+01
2.043025046586990356e-01 -5.979992821812629700e-02 9.770795702934265137e-01 2.872241020202636719e+01 -1.739962399005889893e-02 9.977528452873229980e-01 6.470336019992828369e-02 7.629345059394836426e-01 -9.787531495094299316e-01 -3.021987713873386383e-02 2.028028517961502075e-01 2.155898094177246094e+01
1.910390853881835938e-01 -6.067887321114540100e-02 9.797051548957824707e-01 2.970641326904296875e+01 -1.661089994013309479e-02 9.977447390556335449e-01 6.503523141145706177e-02 8.026409745216369629e-01 -9.814419150352478027e-01 -2.869805693626403809e-02 1.896003037691116333e-01 2.172784614562988281e+01
1.768188327550888062e-01 -5.968197807669639587e-02 9.824323058128356934e-01 3.068958854675292969e+01 -1.765529997646808624e-02 9.978069067001342773e-01 6.379359215497970581e-02 8.488843441009521484e-01 -9.840850234031677246e-01 -2.862504869699478149e-02 1.753773689270019531e-01 2.189949989318847656e+01
1.597723662853240967e-01 -5.863332375884056091e-02 9.854110479354858398e-01 3.167358398437500000e+01 -1.917570456862449646e-02 9.978617429733276367e-01 6.248326599597930908e-02 8.918594121932983398e-01 -9.869676232337951660e-01 -2.887904644012451172e-02 1.583064198493957520e-01 2.206620597839355469e+01
1.395979970693588257e-01 -5.711335316300392151e-02 9.885597229003906250e-01 3.266272735595703125e+01 -2.044412679970264435e-02 9.979562163352966309e-01 6.054320558905601501e-02 9.353928565979003906e-01 -9.899971485137939453e-01 -2.866194956004619598e-02 1.381450593471527100e-01 2.219738006591796875e+01
1.145792305469512939e-01 -5.594759806990623474e-02 9.918374419212341309e-01 3.365523147583007812e+01 -2.383762598037719727e-02 9.979705214500427246e-01 5.904732272028923035e-02 9.731617569923400879e-01 -9.931280612945556641e-01 -3.040864318609237671e-02 1.130129992961883545e-01 2.229944610595703125e+01
8.358377218246459961e-02 -5.558559671044349670e-02 9.949492216110229492e-01 3.464830017089843750e+01 -2.870432659983634949e-02 9.978944063186645508e-01 5.816153064370155334e-02 1.009063243865966797e+00 -9.960872530937194824e-01 -3.342070803046226501e-02 8.181219547986984253e-02 2.239276885986328125e+01
5.060940980911254883e-02 -5.554592236876487732e-02 9.971727132797241211e-01 3.564461517333984375e+01 -3.097731806337833405e-02 9.978843927383422852e-01 5.715775862336158752e-02 1.045395731925964355e+00 -9.982379674911499023e-01 -3.378244489431381226e-02 4.878168180584907532e-02 2.243774604797363281e+01
1.758253760635852814e-02 -5.529519915580749512e-02 9.983152747154235840e-01 3.664213943481445312e+01 -3.056910634040832520e-02 9.979730844497680664e-01 5.581463500857353210e-02 1.073526024818420410e+00 -9.993779659271240234e-01 -3.149896115064620972e-02 1.585654914379119873e-02 2.242557907104492188e+01
-1.617858558893203735e-02 -5.409096926450729370e-02 9.984049797058105469e-01 3.763912963867187500e+01 -3.121262043714523315e-02 9.980763196945190430e-01 5.356737971305847168e-02 1.107250452041625977e+00 -9.993818402290344238e-01 -3.029618412256240845e-02 -1.783581823110580444e-02 2.239794540405273438e+01
-4.902215301990509033e-02 -5.244475603103637695e-02 9.974198341369628906e-01 3.863532257080078125e+01 -3.395947813987731934e-02 9.981306195259094238e-01 5.081305652856826782e-02 1.135540843009948730e+00 -9.982202053070068359e-01 -3.138089552521705627e-02 -5.071152001619338989e-02 2.234519577026367188e+01
-8.115281164646148682e-02 -4.947168752551078796e-02 9.954731464385986328e-01 3.962875747680664062e+01 -3.516234830021858215e-02 9.982877969741821289e-01 4.674506559967994690e-02 1.164402008056640625e+00 -9.960812330245971680e-01 -3.120967373251914978e-02 -8.275341987609863281e-02 2.225393867492675781e+01
-1.143092960119247437e-01 -4.529121890664100647e-02 9.924122691154479980e-01 4.061989974975585938e+01 -3.362599387764930725e-02 9.985642433166503906e-01 4.169882833957672119e-02 1.186096668243408203e+00 -9.928759336471557617e-01 -2.860428579151630402e-02 -1.156681105494499207e-01 2.213945960998535156e+01
-1.457967758178710938e-01 -3.965011239051818848e-02 9.885197281837463379e-01 4.160427856445312500e+01 -2.835077419877052307e-02 9.989535808563232422e-01 3.588716685771942139e-02 1.202717900276184082e+00 -9.889082312583923340e-01 -2.279306575655937195e-02 -1.467683166265487671e-01 2.197554206848144531e+01
-1.757860332727432251e-01 -3.335138410329818726e-02 9.838632941246032715e-01 4.258200836181640625e+01 -2.143388614058494568e-02 9.993186593055725098e-01 3.004572354257106781e-02 1.216867446899414062e+00 -9.841949939727783203e-01 -1.580639183521270752e-02 -1.763811558485031128e-01 2.177513504028320312e+01
-2.044302970170974731e-01 -2.785126306116580963e-02 9.784848093986511230e-01 4.355384063720703125e+01 -1.514031551778316498e-02 9.995655417442321777e-01 2.528809942305088043e-02 1.223157405853271484e+00 -9.787639975547790527e-01 -9.644912555813789368e-03 -2.047631740570068359e-01 2.154719734191894531e+01
-2.319233566522598267e-01 -2.189092338085174561e-02 9.724877476692199707e-01 4.451826477050781250e+01 -5.983119830489158630e-03 9.997599720954895020e-01 2.107794396579265594e-02 1.224835991859436035e+00 -9.727156758308410645e-01 -9.300428791902959347e-04 -2.319986671209335327e-01 2.128938674926757812e+01
-2.581089138984680176e-01 -1.153625641018152237e-02 9.660469293594360352e-01 4.547717666625976562e+01 -4.522649032878689468e-05 9.999288320541381836e-01 1.192877721041440964e-02 1.218805909156799316e+00 -9.661158323287963867e-01 3.035232890397310257e-03 -2.580910623073577881e-01 2.101164817810058594e+01
-2.831885218620300293e-01 4.000608343631029129e-03 9.590559005737304688e-01 4.642689132690429688e+01 5.420811939984560013e-03 9.999819993972778320e-01 -2.570682670921087265e-03 1.197381496429443359e+00 -9.590489268302917480e-01 4.470875021070241928e-03 -2.832051217555999756e-01 2.070443916320800781e+01
-3.079405426979064941e-01 2.120194956660270691e-02 9.511693716049194336e-01 4.737372970581054688e+01 6.120334379374980927e-03 9.997751712799072266e-01 -2.030394412577152252e-02 1.170825958251953125e+00 -9.513859152793884277e-01 -4.309314244892448187e-04 -3.080010414123535156e-01 2.038886833190917969e+01
-3.330716788768768311e-01 3.624323755502700806e-02 9.422047138214111328e-01 4.831139755249023438e+01 6.431924644857645035e-03 9.993250370025634766e-01 -3.616676107048988342e-02 1.133418560028076172e+00 -9.428795576095581055e-01 -5.985931959003210068e-03 -3.330799639225006104e-01 2.004812622070312500e+01
-3.574490249156951904e-01 4.684830456972122192e-02 9.327569007873535156e-01 4.923628616333007812e+01 1.079618185758590698e-02 9.988816380500793457e-01 -4.603217169642448425e-02 1.079288721084594727e+00 -9.338702559471130371e-01 -6.383943837136030197e-03 -3.575550317764282227e-01 1.967604255676269531e+01
-3.809422552585601807e-01 5.094850063323974609e-02 9.231940507888793945e-01 5.015233993530273438e+01 1.425335835665464401e-02 9.986855983734130859e-01 -4.923323541879653931e-02 1.015729069709777832e+00 -9.244889616966247559e-01 -5.596404895186424255e-03 -3.811677396297454834e-01 1.928400421142578125e+01
-4.036724865436553955e-01 5.048976093530654907e-02 9.135093688964843750e-01 5.106138610839843750e+01 1.781795173883438110e-02 9.987206459045410156e-01 -4.732578247785568237e-02 9.516683220863342285e-01 -9.147300124168395996e-01 -2.827250398695468903e-03 -4.040556550025939941e-01 1.887595939636230469e+01
-4.239289462566375732e-01 4.598820582032203674e-02 9.045271277427673340e-01 5.195683288574218750e+01 2.130673453211784363e-02 9.989400506019592285e-01 -4.080245271325111389e-02 8.868278861045837402e-01 -9.054447412490844727e-01 1.975181745365262032e-03 -4.244594871997833252e-01 1.843862152099609375e+01
-4.417752027511596680e-01 4.457958415150642395e-02 8.960174918174743652e-01 5.284246444702148438e+01 2.933483943343162537e-02 9.989483952522277832e-01 -3.523736447095870972e-02 8.237597942352294922e-01 -8.966460227966308594e-01 1.071754004806280136e-02 -4.426183402538299561e-01 1.798122978210449219e+01
-4.558848142623901367e-01 4.481584951281547546e-02 8.889097571372985840e-01 5.372651290893554688e+01 3.137788549065589905e-02 9.989199042320251465e-01 -3.426978364586830139e-02 7.650676965713500977e-01 -8.894854784011840820e-01 1.226903405040502548e-02 -4.567986428737640381e-01 1.751962661743164062e+01
-4.671895503997802734e-01 4.863804206252098083e-02 8.828183412551879883e-01 5.460421752929687500e+01 3.497039526700973511e-02 9.987210035324096680e-01 -3.651718050241470337e-02 7.079343199729919434e-01 -8.834652900695800781e-01 1.381206512451171875e-02 -4.682928919792175293e-01 1.704550552368164062e+01
-4.772990345954895020e-01 5.094193294644355774e-02 8.772631287574768066e-01 5.547825622558593750e+01 3.549535572528839111e-02 9.986211657524108887e-01 -3.867687284946441650e-02 6.499791145324707031e-01 -8.780237436294555664e-01 1.267833448946475983e-02 -4.784491062164306641e-01 1.656459045410156250e+01
-4.877806305885314941e-01 5.089293047785758972e-02 8.714815378189086914e-01 5.634692001342773438e+01 3.052641823887825012e-02 9.986830353736877441e-01 -4.123518988490104675e-02 5.866528749465942383e-01 -8.724323511123657227e-01 6.489479448646306992e-03 -4.886918365955352783e-01 1.607469940185546875e+01
-4.991879165172576904e-01 4.916418343782424927e-02 8.650978207588195801e-01 5.721313095092773438e+01 2.952651865780353546e-02 9.987743496894836426e-01 -3.972342237830162048e-02 5.253240466117858887e-01 -8.659905195236206055e-01 5.713881459087133408e-03 -5.000277161598205566e-01 1.558038425445556641e+01
-5.076150894165039062e-01 5.105186253786087036e-02 8.600701689720153809e-01 5.806489181518554688e+01 3.255371376872062683e-02 9.986665844917297363e-01 -4.006538167595863342e-02 4.706305861473083496e-01 -8.609687685966491699e-01 7.660686504095792770e-03 -5.086001753807067871e-01 1.506049060821533203e+01
-5.149781703948974609e-01 5.354580283164978027e-02 8.555291891098022461e-01 5.891657257080078125e+01 3.491025418043136597e-02 9.985291957855224609e-01 -4.148195311427116394e-02 4.090467393398284912e-01 -8.564920425415039062e-01 8.504442870616912842e-03 -5.160900354385375977e-01 1.454109191894531250e+01
-5.188869833946228027e-01 5.608317255973815918e-02 8.530012369155883789e-01 5.977279281616210938e+01 3.518382459878921509e-02 9.984011650085449219e-01 -4.424035921692848206e-02 3.563255965709686279e-01 -8.541184663772583008e-01 7.056097034364938736e-03 -5.200306177139282227e-01 1.402772426605224609e+01
-5.184888243675231934e-01 5.841663852334022522e-02 8.530866503715515137e-01 6.062508773803710938e+01 3.522875532507896423e-02 9.982759356498718262e-01 -4.694741591811180115e-02 3.010846376419067383e-01 -8.543584346771240234e-01 5.711472593247890472e-03 -5.196528434753417969e-01 1.350754928588867188e+01
-5.151824355125427246e-01 5.828267708420753479e-02 8.550965785980224609e-01 6.147912979125976562e+01 3.687984496355056763e-02 9.982686638832092285e-01 -4.582162573933601379e-02 2.405217140913009644e-01 -8.562867045402526855e-01 7.929332554340362549e-03 -5.164398550987243652e-01 1.299043083190917969e+01
-5.090725421905517578e-01 5.731497332453727722e-02 8.588132262229919434e-01 6.233863449096679688e+01 3.522643446922302246e-02 9.983318448066711426e-01 -4.574516415596008301e-02 1.843961775302886963e-01 -8.600024580955505371e-01 6.965319626033306122e-03 -5.102422833442687988e-01 1.248151779174804688e+01
-5.021880865097045898e-01 5.572866275906562805e-02 8.629608750343322754e-01 6.320650482177734375e+01 3.245933726429939270e-02 9.984328150749206543e-01 -4.558797553181648254e-02 1.295807957649230957e-01 -8.641489744186401367e-01 5.117397289723157883e-03 -5.032100081443786621e-01 1.198676300048828125e+01
-4.952437877655029297e-01 5.466111004352569580e-02 8.670327663421630859e-01 6.407801818847656250e+01 3.011253848671913147e-02 9.984989762306213379e-01 -4.574915394186973572e-02 7.009603828191757202e-02 -8.682320117950439453e-01 3.451572963967919350e-03 -4.961464107036590576e-01 1.149897956848144531e+01
-4.886524975299835205e-01 5.331213772296905518e-02 8.708481788635253906e-01 6.495178222656250000e+01 2.744534984230995178e-02 9.985767006874084473e-01 -4.573130235075950623e-02 1.303656864911317825e-02 -8.720467090606689453e-01 1.554021029733121395e-03 -4.894201457500457764e-01 1.101499748229980469e+01
-4.845604002475738525e-01 5.099964514374732971e-02 8.732698559761047363e-01 6.583189392089843750e+01 2.268942072987556458e-02 9.986959099769592285e-01 -4.573469981551170349e-02 -3.905515745282173157e-02 -8.744634389877319336e-01 -2.347234636545181274e-03 -4.850856959819793701e-01 1.054247188568115234e+01
-4.833259880542755127e-01 4.809678718447685242e-02 8.741183280944824219e-01 6.671201324462890625e+01 1.776667870581150055e-02 9.988229274749755859e-01 -4.513470456004142761e-02 -9.188769012689590454e-02 -8.752601742744445801e-01 -6.284595001488924026e-03 -4.836115539073944092e-01 1.007043743133544922e+01
-4.835992157459259033e-01 4.583505541086196899e-02 8.740886449813842773e-01 6.758813476562500000e+01 1.500297151505947113e-02 9.989153146743774414e-01 -4.408009722828865051e-02 -1.463172286748886108e-01 -8.751609325408935547e-01 -8.203171193599700928e-03 -4.837623238563537598e-01 9.591450691223144531e+00
-4.847676157951354980e-01 4.438738897442817688e-02 8.735160231590270996e-01 6.846530914306640625e+01 1.339305844157934189e-02 9.989710450172424316e-01 -4.332971945405006409e-02 -2.033075392246246338e-01 -8.745404481887817383e-01 -9.305792860686779022e-03 -4.848632514476776123e-01 9.114815711975097656e+00
-4.852856397628784180e-01 4.363917559385299683e-02 8.732659816741943359e-01 6.934079742431640625e+01 1.330610085278749466e-02 9.990066289901733398e-01 -4.252835363149642944e-02 -2.576544284820556641e-01 -8.742544651031494141e-01 -9.018633514642715454e-03 -4.853842258453369141e-01 8.634716033935546875e+00
-4.853353202342987061e-01 4.337880760431289673e-02 8.732513785362243652e-01 7.021413421630859375e+01 1.358727179467678070e-02 9.990220665931701660e-01 -4.207494482398033142e-02 -3.106513917446136475e-01 -8.742224574089050293e-01 -8.555352687835693359e-03 -4.854501187801361084e-01 8.150514602661132812e+00
-4.853137731552124023e-01 4.224763438105583191e-02 8.733187913894653320e-01 7.108850097656250000e+01 1.372417248785495758e-02 9.990769624710083008e-01 -4.070461541414260864e-02 -3.671823441982269287e-01 -8.742323517799377441e-01 -7.768934592604637146e-03 -4.854456186294555664e-01 7.668532371520996094e+00
-4.851988255977630615e-01 4.222008958458900452e-02 8.733839988708496094e-01 7.195979309082031250e+01 1.368333026766777039e-02 9.990779161453247070e-01 -4.069461673498153687e-02 -4.215224087238311768e-01 -8.742967844009399414e-01 -7.794179022312164307e-03 -4.853291511535644531e-01 7.180756568908691406e+00
-4.852782487869262695e-01 4.090211912989616394e-02 8.734024763107299805e-01 7.283523559570312500e+01 1.181115396320819855e-02 9.991207122802734375e-01 -4.022710770368576050e-02 -4.729535281658172607e-01 -8.742799758911132812e-01 -9.205448441207408905e-03 -4.853346943855285645e-01 6.700189590454101562e+00
-4.851797819137573242e-01 4.031269997358322144e-02 8.734846711158752441e-01 7.370890808105468750e+01 1.168246474117040634e-02 9.991464018821716309e-01 -3.962313011288642883e-02 -5.293358564376831055e-01 -8.743363618850708008e-01 -9.019887074828147888e-03 -4.852365851402282715e-01 6.216939449310302734e+00
-4.845804274082183838e-01 3.955778479576110840e-02 8.738518357276916504e-01 7.458313751220703125e+01 1.049413997679948807e-02 9.991679787635803223e-01 -3.941127285361289978e-02 -5.865299105644226074e-01 -8.746837377548217773e-01 -9.927604347467422485e-03 -4.845923483371734619e-01 5.734710216522216797e+00
-4.829259812831878662e-01 3.825116902589797974e-02 8.748252987861633301e-01 7.545658111572265625e+01 1.107804849743843079e-02 9.992324113845825195e-01 -3.757541999220848083e-02 -6.486127376556396484e-01 -8.755910992622375488e-01 -8.454789407551288605e-03 -4.829790294170379639e-01 5.251513957977294922e+00
-4.812477529048919678e-01 3.573270514607429504e-02 8.758559823036193848e-01 7.633585357666015625e+01 1.085082907229661942e-02 9.993351101875305176e-01 -3.480825200676918030e-02 -7.056549191474914551e-01 -8.765174746513366699e-01 -7.247627712786197662e-03 -4.813154935836791992e-01 4.778365612030029297e+00
-4.786350727081298828e-01 3.428969532251358032e-02 8.773441910743713379e-01 7.721377563476562500e+01 1.135711558163166046e-02 9.993953108787536621e-01 -3.286401554942131042e-02 -7.614582777023315430e-01 -8.779404163360595703e-01 -5.765766836702823639e-03 -4.787350594997406006e-01 4.302424430847167969e+00
-4.762933850288391113e-01 3.407774865627288818e-02 8.786258101463317871e-01 7.809432983398437500e+01 1.183613762259483337e-02 9.994066357612609863e-01 -3.234602883458137512e-02 -8.150095939636230469e-01 -8.792067766189575195e-01 -5.006658844649791718e-03 -4.764141142368316650e-01 3.831192731857299805e+00
-4.746204316616058350e-01 3.388775140047073364e-02 8.795379996299743652e-01 7.897724914550781250e+01 1.140540372580289841e-02 9.994115233421325684e-01 -3.235171362757682800e-02 -8.682407736778259277e-01 -8.801167011260986328e-01 -5.323299206793308258e-03 -4.747276008129119873e-01 3.364432811737060547e+00
-4.737659394741058350e-01 3.444858640432357788e-02 8.799768090248107910e-01 7.985842132568359375e+01 1.125412527471780777e-02 9.993898868560791016e-01 -3.306422382593154907e-02 -9.200904965400695801e-01 -8.805788755416870117e-01 -5.761337932199239731e-03 -4.738646149635314941e-01 2.894370794296264648e+00
-4.746193587779998779e-01 3.568917512893676758e-02 8.794673085212707520e-01 8.073941040039062500e+01 1.025603059679269791e-02 9.993340373039245605e-01 -3.501858562231063843e-02 -9.741591811180114746e-01 -8.801314234733581543e-01 -7.600650656968355179e-03 -4.746692776679992676e-01 2.424440383911132812e+00
-4.775794446468353271e-01 3.750513121485710144e-02 8.777877092361450195e-01 8.161808776855468750e+01 9.340809658169746399e-03 9.992487430572509766e-01 -3.761271387338638306e-02 -1.032466053962707520e+00 -8.785389065742492676e-01 -9.763810783624649048e-03 -4.775709807872772217e-01 1.951021313667297363e+00
-4.821048676967620850e-01 3.809088096022605896e-02 8.752850890159606934e-01 8.249500274658203125e+01 8.349416777491569519e-03 9.992088079452514648e-01 -3.888498619198799133e-02 -1.088557720184326172e+00 -8.760737776756286621e-01 -1.143852062523365021e-02 -4.820414483547210693e-01 1.474343776702880859e+00
-4.873971641063690186e-01 3.684490546584129333e-02 8.724027276039123535e-01 8.336574554443359375e+01 1.024491060525178909e-02 9.992818236351013184e-01 -3.647983074188232422e-02 -1.145499110221862793e+00 -8.731203079223632812e-01 -8.842483162879943848e-03 -4.874246418476104736e-01 9.866799116134643555e-01
-4.932767450809478760e-01 3.405721113085746765e-02 8.692054748535156250e-01 8.423728942871093750e+01 1.113834697753190994e-02 9.993986487388610840e-01 -3.283739089965820312e-02 -1.203847169876098633e+00 -8.698011040687561035e-01 -6.516407243907451630e-03 -4.933594465255737305e-01 5.006800889968872070e-01
-4.986321926116943359e-01 3.131090104579925537e-02 8.662478923797607422e-01 8.510544586181640625e+01 7.982401177287101746e-03 9.994708895683288574e-01 -3.153144568204879761e-02 -1.260885953903198242e+00 -8.667768836021423340e-01 -8.807856589555740356e-03 -4.986183047294616699e-01 8.417773060500621796e-03
-5.039285421371459961e-01 3.419654816389083862e-02 8.630681633949279785e-01 8.596987152099609375e+01 9.340941905975341797e-03 9.993733167648315430e-01 -3.414326161146163940e-02 -1.314687132835388184e+00 -8.636948466300964355e-01 -9.143893606960773468e-03 -5.039321780204772949e-01 -4.906786680221557617e-01
-5.090093016624450684e-01 3.552088141441345215e-02 8.600277304649353027e-01 8.682880401611328125e+01 9.558283723890781403e-03 9.993197917938232422e-01 -3.561684116721153259e-02 -1.370882511138916016e+00 -8.607079386711120605e-01 -9.908913634717464447e-03 -5.090026259422302246e-01 -9.989756941795349121e-01
-5.138838887214660645e-01 3.608452156186103821e-02 8.571005463600158691e-01 8.768703460693359375e+01 7.662794552743434906e-03 9.992681741714477539e-01 -3.747556731104850769e-02 -1.429413318634033203e+00 -8.578255176544189453e-01 -1.269029919058084488e-02 -5.137842893600463867e-01 -1.508219361305236816e+00
-5.174483060836791992e-01 3.601377457380294800e-02 8.549563288688659668e-01 8.854134368896484375e+01 6.489357445389032364e-03 9.992503523826599121e-01 -3.816437348723411560e-02 -1.489743232727050781e+00 -8.556898832321166992e-01 -1.419997308403253555e-02 -5.172941088676452637e-01 -2.024001121520996094e+00
-5.206472277641296387e-01 3.565173596143722534e-02 8.530271649360656738e-01 8.939297485351562500e+01 8.103325031697750092e-03 9.992890954017639160e-01 -3.681878373026847839e-02 -1.544297218322753906e+00 -8.537334203720092773e-01 -1.225723884999752045e-02 -5.205659866333007812e-01 -2.544836521148681641e+00
-5.229738950729370117e-01 2.849710173904895782e-02 8.518722057342529297e-01 9.024326324462890625e+01 8.695375174283981323e-03 9.995672702789306641e-01 -2.809965424239635468e-02 -1.594340324401855469e+00 -8.523043394088745117e-01 -7.288030814379453659e-03 -5.229954123497009277e-01 -3.068480968475341797e+00
-5.258359909057617188e-01 1.935514993965625763e-02 8.503657579421997070e-01 9.110015869140625000e+01 7.516735233366489410e-03 9.998077750205993652e-01 -1.810852438211441040e-02 -1.640426993370056152e+00 -8.505527973175048828e-01 -3.130138851702213287e-03 -5.258803963661193848e-01 -3.581527471542358398e+00
-5.273000597953796387e-01 1.756373979151248932e-02 8.494976162910461426e-01 9.194989013671875000e+01 8.189689368009567261e-03 9.998449683189392090e-01 -1.558873336762189865e-02 -1.683853507041931152e+00 -8.496396541595458984e-01 -1.262814970687031746e-03 -5.273621082305908203e-01 -4.106746673583984375e+00
-5.286788344383239746e-01 2.162179350852966309e-02 8.485464453697204590e-01 9.280197143554687500e+01 7.195269688963890076e-03 9.997537136077880859e-01 -2.099176123738288879e-02 -1.721075892448425293e+00 -8.487914204597473145e-01 -4.992380738258361816e-03 -5.287042260169982910e-01 -4.628631114959716797e+00
-5.300122499465942383e-01 2.798370830714702606e-02 8.475281000137329102e-01 9.364944458007812500e+01 9.250311180949211121e-03 9.995866417884826660e-01 -2.721957489848136902e-02 -1.766141653060913086e+00 -8.479395508766174316e-01 -6.586807779967784882e-03 -5.300520062446594238e-01 -5.157367229461669922e+00
-5.309408903121948242e-01 3.121588565409183502e-02 8.468337059020996094e-01 9.449816894531250000e+01 1.391049753874540329e-02 9.995077252388000488e-01 -2.812224812805652618e-02 -1.811199903488159180e+00 -8.472946882247924805e-01 -3.151368815451860428e-03 -5.311136841773986816e-01 -5.684098720550537109e+00
-5.311862826347351074e-01 3.197441622614860535e-02 8.466514945030212402e-01 9.534595489501953125e+01 1.680164784193038940e-02 9.994886517524719238e-01 -2.720511704683303833e-02 -1.864107370376586914e+00 -8.470884561538696289e-01 -2.258510357933118939e-04 -5.314518809318542480e-01 -6.211759090423583984e+00
-5.312384366989135742e-01 2.761702239513397217e-02 8.467720746994018555e-01 9.619789886474609375e+01 1.440367568284273148e-02 9.996185302734375000e-01 -2.356561459600925446e-02 -1.914094686508178711e+00 -8.470999002456665039e-01 -3.223234380129724741e-04 -5.314335823059082031e-01 -6.733015537261962891e+00
-5.308799147605895996e-01 2.204266376793384552e-02 8.471603393554687500e-01 9.704727935791015625e+01 1.212762203067541122e-02 9.997569322586059570e-01 -1.841326989233493805e-02 -1.954517960548400879e+00 -8.473602533340454102e-01 4.988036816939711571e-04 -5.310181975364685059e-01 -7.259319782257080078e+00
-5.307610034942626953e-01 1.430359762161970139e-02 8.474009037017822266e-01 9.790388488769531250e+01 7.299127988517284393e-03 9.998976588249206543e-01 -1.230591163039207458e-02 -1.994614481925964355e+00 -8.474900722503662109e-01 -3.462114837020635605e-04 -5.308110713958740234e-01 -7.773770332336425781e+00
-5.304365158081054688e-01 8.102331310510635376e-03 8.476859331130981445e-01 9.875937652587890625e+01 -1.876643509604036808e-03 9.999406933784484863e-01 -1.073191594332456589e-02 -2.031811475753784180e+00 -8.477225303649902344e-01 -7.283399347215890884e-03 -5.303898453712463379e-01 -8.290357589721679688e+00
-5.284886956214904785e-01 3.178215585649013519e-03 8.489344120025634766e-01 9.961357879638671875e+01 -8.236009627580642700e-03 9.999267458915710449e-01 -8.870675228536128998e-03 -2.063023090362548828e+00 -8.489003777503967285e-01 -1.167988404631614685e-02 -5.284237861633300781e-01 -8.809677124023437500e+00
-5.268896818161010742e-01 3.140641609206795692e-03 8.499278426170349121e-01 1.004672851562500000e+02 -5.803235340863466263e-03 9.999565482139587402e-01 -7.292583584785461426e-03 -2.097980022430419922e+00 -8.499138355255126953e-01 -8.774719201028347015e-03 -5.268486142158508301e-01 -9.329460144042968750e+00
-5.241419672966003418e-01 5.724573507905006409e-03 8.516116738319396973e-01 1.013176422119140625e+02 -2.633372554555535316e-03 9.999617338180541992e-01 -8.342551998794078827e-03 -2.132225036621093750e+00 -8.516268134117126465e-01 -6.615291815251111984e-03 -5.241068005561828613e-01 -9.854889869689941406e+00
-5.189632773399353027e-01 8.619628846645355225e-03 8.547530770301818848e-01 1.021741333007812500e+02 -3.161163767799735069e-04 9.999471306800842285e-01 -1.027575414627790451e-02 -2.162456035614013672e+00 -8.547964692115783691e-01 -5.602936260402202606e-03 -5.189331769943237305e-01 -1.037090492248535156e+01
-5.115569829940795898e-01 9.884341619908809662e-03 8.591925501823425293e-01 1.030326309204101562e+02 3.951067570596933365e-03 9.999502897262573242e-01 -9.151215665042400360e-03 -2.195786714553833008e+00 -8.592402935028076172e-01 -1.286640064790844917e-03 -5.115706324577331543e-01 -1.088362693786621094e+01
-5.040234923362731934e-01 1.226042676717042923e-02 8.636028766632080078e-01 1.038959045410156250e+02 1.048141624778509140e-02 9.999124407768249512e-01 -8.078334853053092957e-03 -2.231415271759033203e+00 -8.636263012886047363e-01 4.980110563337802887e-03 -5.041078925132751465e-01 -1.138814449310302734e+01
-4.944275617599487305e-01 1.096046622842550278e-02 8.691497445106506348e-01 1.047696685791015625e+02 7.647336926311254501e-03 9.999365806579589844e-01 -8.259472437202930450e-03 -2.255675554275512695e+00 -8.691851496696472168e-01 2.562969690188765526e-03 -4.944800734519958496e-01 -1.187529945373535156e+01
-4.836169183254241943e-01 8.425542153418064117e-03 8.752391934394836426e-01 1.056511917114257812e+02 5.417832173407077789e-03 9.999634027481079102e-01 -6.632561795413494110e-03 -2.278804063796997070e+00 -8.752629756927490234e-01 1.534283161163330078e-03 -4.836448431015014648e-01 -1.234849739074707031e+01
-4.724020957946777344e-01 5.007110070437192917e-03 8.813689947128295898e-01 1.065383682250976562e+02 5.732257384806871414e-03 9.999802112579345703e-01 -2.608537441119551659e-03 -2.304292678833007812e+00 -8.813644647598266602e-01 3.819955280050635338e-03 -4.724214375019073486e-01 -1.281090736389160156e+01
-4.609170258045196533e-01 4.254724364727735519e-03 8.874329924583435059e-01 1.074264831542968750e+02 6.069485563784837723e-03 9.999802112579345703e-01 -1.641937647946178913e-03 -2.331195354461669922e+00 -8.874225020408630371e-01 4.629465285688638687e-03 -4.609337151050567627e-01 -1.327145004272460938e+01
-4.491772353649139404e-01 3.205763874575495720e-03 8.934369087219238281e-01 1.083235244750976562e+02 6.144143640995025635e-03 9.999809861183166504e-01 -4.990767920389771461e-04 -2.347704887390136719e+00 -8.934215307235717773e-01 5.265233572572469711e-03 -4.491883516311645508e-01 -1.371494770050048828e+01
-4.371020495891571045e-01 4.132405854761600494e-03 8.994024395942687988e-01 1.092238540649414062e+02 7.563508581370115280e-03 9.999709725379943848e-01 -9.186791721731424332e-04 -2.369604110717773438e+00 -8.993801474571228027e-01 6.401078309863805771e-03 -4.371205866336822510e-01 -1.415149879455566406e+01
-4.250982105731964111e-01 7.970397360622882843e-03 9.051121473312377930e-01 1.101311264038085938e+02 7.655579596757888794e-03 9.999571442604064941e-01 -5.210051778703927994e-03 -2.399967193603515625e+00 -9.051148891448974609e-01 4.714374430477619171e-03 -4.251410067081451416e-01 -1.457283496856689453e+01
