1.000000000000000000e+00 0.000000000000000000e+00 0.000000000000000000e+00 0.000000000000000000e+00 0.000000000000000000e+00 1.000000000000000000e+00 0.000000000000000000e+00 0.000000000000000000e+00 0.000000000000000000e+00 0.000000000000000000e+00 1.000000000000000000e+00 0.000000000000000000e+00
9.999145269393920898e-01 1.721954031381756067e-04 1.307489443570375443e-02 -2.659452147781848907e-02 -1.860229676822200418e-04 9.999994039535522461e-01 1.056358334608376026e-03 -1.886827498674392700e-02 -1.307470444589853287e-02 -1.058700261637568474e-03 9.999139904975891113e-01 9.986693263053894043e-01
9.998075962066650391e-01 -2.155458321794867516e-03 1.949581690132617950e-02 2.035511657595634460e-02 2.137094037607312202e-03 9.999972581863403320e-01 9.627434774301946163e-04 -2.966166473925113678e-02 -1.949783973395824432e-02 -9.208938572555780411e-04 9.998095035552978516e-01 1.997115612030029297e+00
9.997627139091491699e-01 -4.574659280478954315e-03 2.129714749753475189e-02 5.647021159529685974e-02 4.589850082993507385e-03 9.999892711639404297e-01 -6.644362001679837704e-04 -2.505758032202720642e-02 -2.129388041794300079e-02 7.620292599312961102e-04 9.997729659080505371e-01 2.996341466903686523e+00
9.997913837432861328e-01 -4.489677492529153824e-03 1.992661878466606140e-02 4.203834757208824158e-02 4.541036672890186310e-03 9.999864697456359863e-01 -2.532906830310821533e-03 -1.955928653478622437e-02 -1.991497725248336792e-02 2.622866071760654449e-03 9.997982382774353027e-01 3.996303796768188477e+00
9.998774528503417969e-01 -4.024479072540998459e-03 1.513070985674858093e-02 -2.091169729828834534e-02 4.085736814886331558e-03 9.999835491180419922e-01 -4.019831772893667221e-03 -2.715771459043025970e-02 -1.511428318917751312e-02 4.081158898770809174e-03 9.998774528503417969e-01 4.994585037231445312e+00
9.999839663505554199e-01 -3.069911152124404907e-03 4.759131930768489838e-03 -1.061097681522369385e-01 3.098795656114816666e-03 9.999767541885375977e-01 -6.073795258998870850e-03 -4.663551971316337585e-02 -4.740375559777021408e-03 6.088445428758859634e-03 9.999702572822570801e-01 5.991395950317382812e+00
9.999472498893737793e-01 -2.501748094800859690e-04 -1.026789657771587372e-02 -2.142768353223800659e-01 1.859274780144914985e-04 9.999803900718688965e-01 -6.257585715502500534e-03 -6.907516717910766602e-02 1.026926096528768539e-02 6.255346816033124924e-03 9.999276995658874512e-01 6.986205577850341797e+00
9.995841979980468750e-01 5.896378774195909500e-03 -2.822610549628734589e-02 -3.545195460319519043e-01 -6.070800591260194778e-03 9.999629855155944824e-01 -6.097739096730947495e-03 -8.899682760238647461e-02 2.818910591304302216e-02 6.266558542847633362e-03 9.995829463005065918e-01 7.977241516113281250e+00
9.988319277763366699e-01 1.052375789731740952e-02 -4.715984314680099487e-02 -4.903419911861419678e-01 -1.087297685444355011e-02 9.999153017997741699e-01 -7.154591381549835205e-03 -1.041780337691307068e-01 4.708055406808853149e-02 7.659001741558313370e-03 9.988617300987243652e-01 8.969033241271972656e+00
9.977096915245056152e-01 1.135779172182083130e-02 -6.668100506067276001e-02 -6.230013370513916016e-01 -1.188541762530803680e-02 9.999010562896728516e-01 -7.521309889853000641e-03 -1.095109656453132629e-01 6.658898293972015381e-02 8.296615444123744965e-03 9.977459907531738281e-01 9.961388587951660156e+00
9.961431622505187988e-01 1.081276126205921173e-02 -8.707427233457565308e-02 -7.594352364540100098e-01 -1.143755391240119934e-02 9.999122619628906250e-01 -6.679678801447153091e-03 -1.195227131247520447e-01 8.699440956115722656e-02 7.649832870811223984e-03 9.961794018745422363e-01 1.095325374603271484e+01
9.942629337310791016e-01 9.795322082936763763e-03 -1.065141856670379639e-01 -9.049085378646850586e-01 -1.045999769121408463e-02 9.999291300773620605e-01 -5.683376453816890717e-03 -1.287669241428375244e-01 1.064509674906730652e-01 6.764908786863088608e-03 9.942949414253234863e-01 1.194378376007080078e+01
9.921941161155700684e-01 1.045662723481655121e-02 -1.242639794945716858e-01 -1.069025039672851562e+00 -1.114032417535781860e-02 9.999263882637023926e-01 -4.808364901691675186e-03 -1.382750272750854492e-01 1.242045536637306213e-01 6.155171897262334824e-03 9.922375679016113281e-01 1.293129062652587891e+01
9.901095628738403320e-01 1.267077121883630753e-02 -1.397231519222259521e-01 -1.249037742614746094e+00 -1.335244439542293549e-02 9.999030828475952148e-01 -3.942358773201704025e-03 -1.575825661420822144e-01 1.396596580743789673e-01 5.769012495875358582e-03 9.901827573776245117e-01 1.391574001312255859e+01
9.881402850151062012e-01 1.312515791505575180e-02 -1.529916822910308838e-01 -1.438753843307495117e+00 -1.388782728463411331e-02 9.998958706855773926e-01 -3.917403053492307663e-03 -1.665515601634979248e-01 1.529243439435958862e-01 5.995666142553091049e-03 9.882197380065917969e-01 1.489837455749511719e+01
9.861272573471069336e-01 1.071473490446805954e-02 -1.656447798013687134e-01 -1.615603923797607422e+00 -1.166442595422267914e-02 9.999206066131591797e-01 -4.761538933962583542e-03 -1.748413890600204468e-01 1.655806154012680054e-01 6.627634633332490921e-03 9.861739873886108398e-01 1.588337039947509766e+01
9.844899177551269531e-01 7.396132219582796097e-03 -1.752850413322448730e-01 -1.806770920753479004e+00 -8.760307915508747101e-03 9.999370574951171875e-01 -7.010112050920724869e-03 -1.866484582424163818e-01 1.752221584320068359e-01 8.436935953795909882e-03 9.844927787780761719e-01 1.686546134948730469e+01
9.829968810081481934e-01 8.035164326429367065e-03 -1.834465116262435913e-01 -2.008205175399780273e+00 -9.840097278356552124e-03 9.999117255210876465e-01 -8.930832147598266602e-03 -1.948827654123306274e-01 1.833585500717163086e-01 1.058411132544279099e-02 9.829891324043273926e-01 1.784544181823730469e+01
9.814729094505310059e-01 7.211537100374698639e-03 -1.914650946855545044e-01 -2.232922554016113281e+00 -9.502600878477096558e-03 9.998937845230102539e-01 -1.105044409632682800e-02 -1.879018247127532959e-01 1.913650631904602051e-01 1.266512740403413773e-02 9.814372062683105469e-01 1.882035064697265625e+01
9.799136519432067871e-01 6.748451851308345795e-03 -1.993081420660018921e-01 -2.459675312042236328e+00 -9.728074073791503906e-03 9.998550415039062500e-01 -1.397433411329984665e-02 -1.984560191631317139e-01 1.991849392652511597e-01 1.563252508640289307e-02 9.798372387886047363e-01 1.979474258422851562e+01
9.781261086463928223e-01 1.661051646806299686e-03 -2.080062776803970337e-01 -2.654278039932250977e+00 -5.070895422250032425e-03 9.998613595962524414e-01 -1.586083695292472839e-02 -2.100147753953933716e-01 2.079510986804962158e-01 1.656867563724517822e-02 9.779989123344421387e-01 2.077610588073730469e+01
9.763233065605163574e-01 -7.255225908011198044e-03 -2.161947488784790039e-01 -2.911218881607055664e+00 3.722407156601548195e-03 9.998528957366943359e-01 -1.674363389611244202e-02 -2.148062288761138916e-01 2.162844240665435791e-01 1.554243545979261398e-02 9.762066602706909180e-01 2.174305725097656250e+01
9.744595289230346680e-01 -7.116378750652074814e-03 -2.244503945112228394e-01 -3.162924528121948242e+00 2.881916938349604607e-03 9.998117685317993164e-01 -1.918788067996501923e-02 -2.372055351734161377e-01 2.245446890592575073e-01 1.805096678435802460e-02 9.742965698242187500e-01 2.271113395690917969e+01
9.723638892173767090e-01 -4.272158723324537277e-03 -2.334314584732055664e-01 -3.434544563293457031e+00 -1.263712416402995586e-03 9.997215867042541504e-01 -2.356048300862312317e-02 -2.464691102504730225e-01 2.334671318531036377e-01 2.320435270667076111e-02 9.720878005027770996e-01 2.367407417297363281e+01
9.701011180877685547e-01 -2.597771817818284035e-03 -2.426871806383132935e-01 -3.703774929046630859e+00 -3.934890497475862503e-03 9.996429085731506348e-01 -2.642943710088729858e-02 -2.728379666805267334e-01 2.426691949367523193e-01 2.659417316317558289e-02 9.697445034980773926e-01 2.463739013671875000e+01
9.680470228195190430e-01 -3.940937109291553497e-03 -2.507376968860626221e-01 -3.976061344146728516e+00 -3.225634805858135223e-03 9.995980858802795410e-01 -2.816457115113735199e-02 -3.030917346477508545e-01 2.507479190826416016e-01 2.807341702282428741e-02 9.676452875137329102e-01 2.559965705871582031e+01
9.658569097518920898e-01 -6.400492042303085327e-03 -2.589969635009765625e-01 -4.254206180572509766e+00 -1.504970365203917027e-03 9.995393157005310059e-01 -3.031359612941741943e-02 -3.358307182788848877e-01 2.590716779232025146e-01 2.966837957501411438e-02 9.654023051261901855e-01 2.656017875671386719e+01
9.638590812683105469e-01 -4.791001789271831512e-03 -2.663696110248565674e-01 -4.549995422363281250e+00 -4.032761324197053909e-03 9.994613528251647949e-01 -3.256916254758834839e-02 -3.742721080780029297e-01 2.663821578025817871e-01 3.246628865599632263e-02 9.633205533027648926e-01 2.751514816284179688e+01
9.617196321487426758e-01 -3.272927366197109222e-03 -2.740157246589660645e-01 -4.856713294982910156e+00 -6.867297459393739700e-03 9.993268251419067383e-01 -3.603858500719070435e-02 -4.110687673091888428e-01 2.739492058753967285e-01 3.654076159000396729e-02 9.610497355461120605e-01 2.846674346923828125e+01
9.595372080802917480e-01 -4.448430147022008896e-03 -2.815467417240142822e-01 -5.148832798004150391e+00 -7.387203630059957504e-03 9.991333484649658203e-01 -4.096254706382751465e-02 -4.552754759788513184e-01 2.814849615097045898e-01 4.138493165373802185e-02 9.586727619171142578e-01 2.942259979248046875e+01
9.579375982284545898e-01 -5.170761607587337494e-03 -2.869299352169036865e-01 -5.457878112792968750e+00 -9.076124988496303558e-03 9.987916350364685059e-01 -4.830055311322212219e-02 -5.076211690902709961e-01 2.868329584598541260e-01 4.887313023209571838e-02 9.567331075668334961e-01 3.037255859375000000e+01
9.566247463226318359e-01 -6.232480052858591080e-03 -2.912564277648925781e-01 -5.767216205596923828e+00 -1.064755115658044815e-02 9.983551502227783203e-01 -5.633502826094627380e-02 -5.597169399261474609e-01 2.911284565925598145e-01 5.699265003204345703e-02 9.549848437309265137e-01 3.132236480712890625e+01
9.552640318870544434e-01 -6.692873779684305191e-03 -2.956784963607788086e-01 -6.072504043579101562e+00 -1.316975150257349014e-02 9.977896213531494141e-01 -6.513381749391555786e-02 -6.166053414344787598e-01 2.954608798027038574e-01 6.611400842666625977e-02 9.530644416809082031e-01 3.227321243286132812e+01
9.538331031799316406e-01 -7.353367283940315247e-03 -3.002471625804901123e-01 -6.395936965942382812e+00 -1.562814041972160339e-02 9.971306920051574707e-01 -7.406866550445556641e-02 -6.800360679626464844e-01 2.999303042888641357e-01 7.534144818782806396e-02 9.509813189506530762e-01 3.321763229370117188e+01
9.524995684623718262e-01 -6.873276550322771072e-03 -3.044624328613281250e-01 -6.723903656005859375e+00 -1.875066012144088745e-02 9.965249300003051758e-01 -8.115742355585098267e-02 -7.509211301803588867e-01 3.039622306823730469e-01 8.301127701997756958e-02 9.490606188774108887e-01 3.415993881225585938e+01
9.509392976760864258e-01 -5.195634905248880386e-03 -3.093338310718536377e-01 -7.062136173248291016e+00 -2.297775633633136749e-02 9.959113597869873047e-01 -8.736465871334075928e-02 -8.459240794181823730e-01 3.085229694843292236e-01 9.018628299236297607e-02 9.469318985939025879e-01 3.509652328491210938e+01
9.494367241859436035e-01 -4.203956108540296555e-03 -3.139302730560302734e-01 -7.407867908477783203e+00 -2.633588388562202454e-02 9.953198432922363281e-01 -9.297776967287063599e-02 -9.346773028373718262e-01 3.128519058227539062e-01 9.654414653778076172e-02 9.448825120925903320e-01 3.603096008300781250e+01
9.476179480552673340e-01 -3.093317849561572075e-03 -3.193911015987396240e-01 -7.740308284759521484e+00 -2.990260720252990723e-02 9.947022199630737305e-01 -9.835332632064819336e-02 -1.028492569923400879e+00 3.180032670497894287e-01 1.027520075440406799e-01 9.425051212310791016e-01 3.696977615356445312e+01
9.460154771804809570e-01 -5.472176126204431057e-04 -3.241210281848907471e-01 -8.090182304382324219e+00 -3.413906693458557129e-02 9.942678809165954590e-01 -1.013206988573074341e-01 -1.127254486083984375e+00 3.223185837268829346e-01 1.069161370396614075e-01 9.405741095542907715e-01 3.790167236328125000e+01
9.444333314895629883e-01 1.374208368360996246e-03 -3.287000954151153564e-01 -8.440589904785156250e+00 -3.708511590957641602e-02 9.940519332885742188e-01 -1.023984700441360474e-01 -1.233384966850280762e+00 3.266042470932006836e-01 1.088984161615371704e-01 9.388667941093444824e-01 3.883255767822265625e+01
9.422152638435363770e-01 1.059610280208289623e-03 -3.350064158439636230e-01 -8.783028602600097656e+00 -3.718737885355949402e-02 9.941457509994506836e-01 -1.014461442828178406e-01 -1.339562773704528809e+00 3.329377174377441406e-01 1.080421134829521179e-01 9.367386698722839355e-01 3.976651763916015625e+01
9.400331974029541016e-01 1.200594590045511723e-03 -3.410808145999908447e-01 -9.137597084045410156e+00 -3.752480447292327881e-02 9.942876100540161133e-01 -9.992010146379470825e-02 -1.443401455879211426e+00 3.390124440193176270e-01 1.067272052168846130e-01 9.347084164619445801e-01 4.069618988037109375e+01
9.375282526016235352e-01 8.043027482926845551e-04 -3.479082584381103516e-01 -9.499201774597167969e+00 -3.725665807723999023e-02 9.944790601730346680e-01 -9.809859097003936768e-02 -1.543204903602600098e+00 3.459085524082183838e-01 1.049320921301841736e-01 9.323821663856506348e-01 4.162364578247070312e+01
9.342586398124694824e-01 6.390299531631171703e-04 -3.565954864025115967e-01 -9.856993675231933594e+00 -3.692456707358360291e-02 9.947962760925292969e-01 -9.495743364095687866e-02 -1.642592310905456543e+00 3.546791970729827881e-01 1.018819361925125122e-01 9.294206500053405762e-01 4.255275726318359375e+01
9.308516383171081543e-01 8.357306360267102718e-04 -3.653964400291442871e-01 -1.022347068786621094e+01 -3.595852479338645935e-02 9.953529238700866699e-01 -8.932819217443466187e-02 -1.733479142189025879e+00 3.636237680912017822e-01 9.629040956497192383e-02 9.265559315681457520e-01 4.347936630249023438e+01
9.273468852043151855e-01 3.408543532714247704e-03 -3.741873204708099365e-01 -1.060888004302978516e+01 -3.759048134088516235e-02 9.957488775253295898e-01 -8.408986777067184448e-02 -1.827918052673339844e+00 3.723099827766418457e-01 9.204635769128799438e-02 9.235327839851379395e-01 4.439790344238281250e+01
9.238534569740295410e-01 6.949859671294689178e-03 -3.826832771301269531e-01 -1.100741863250732422e+01 -4.057850316166877747e-02 9.959786534309387207e-01 -7.987461239099502563e-02 -1.919743299484252930e+00 3.805892467498779297e-01 8.932115137577056885e-02 9.204202890396118164e-01 4.531107330322265625e+01
9.200065135955810547e-01 7.020172663033008575e-03 -3.918401300907135010e-01 -1.140764808654785156e+01 -4.092131927609443665e-02 9.960948228836059570e-01 -7.823375612497329712e-02 -2.003149747848510742e+00 3.897607028484344482e-01 8.801018446683883667e-02 9.167010188102722168e-01 4.622434997558593750e+01
9.161219596862792969e-01 7.405090145766735077e-03 -4.008312523365020752e-01 -1.181969070434570312e+01 -4.211640357971191406e-02 9.960744976997375488e-01 -7.785754650831222534e-02 -2.082705020904541016e+00 3.986812531948089600e-01 8.820857852697372437e-02 9.128376245498657227e-01 4.713269424438476562e+01
9.123460054397583008e-01 7.100358605384826660e-03 -4.093585014343261719e-01 -1.224160671234130859e+01 -4.212460666894912720e-02 9.961712360382080078e-01 -7.660532742738723755e-02 -2.160223484039306641e+00 4.072472453117370605e-01 8.713462948799133301e-02 9.091519117355346680e-01 4.803664398193359375e+01
9.087096452713012695e-01 8.943152613937854767e-03 -4.173330068588256836e-01 -1.267726707458496094e+01 -4.408305883407592773e-02 9.962357878684997559e-01 -7.463874667882919312e-02 -2.243833541870117188e+00 4.150945544242858887e-01 8.622226119041442871e-02 9.056832790374755859e-01 4.893346405029296875e+01
9.047682285308837891e-01 6.895539350807666779e-03 -4.258483946323394775e-01 -1.310459136962890625e+01 -4.170443862676620483e-02 9.964982271194458008e-01 -7.247053086757659912e-02 -2.315738677978515625e+00 4.238574802875518799e-01 8.332879841327667236e-02 9.018875360488891602e-01 4.983533859252929688e+01
9.010512828826904297e-01 7.467192597687244415e-03 -4.336482584476470947e-01 -1.354933547973632812e+01 -4.116262495517730713e-02 9.968108534812927246e-01 -6.836475431919097900e-02 -2.385910987854003906e+00 4.317547976970672607e-01 7.945024967193603516e-02 8.984850645065307617e-01 5.072884368896484375e+01
8.971882462501525879e-01 8.698157034814357758e-03 -4.415626227855682373e-01 -1.399056243896484375e+01 -4.064593091607093811e-02 9.971891045570373535e-01 -6.294315308332443237e-02 -2.451839923858642578e+00 4.397739470005035400e-01 7.441958039999008179e-02 8.950198888778686523e-01 5.162442398071289062e+01
8.935194611549377441e-01 8.513737469911575317e-03 -4.489437639713287354e-01 -1.445001697540283203e+01 -3.910020366311073303e-02 9.974976181983947754e-01 -5.890350416302680969e-02 -2.511925697326660156e+00 4.473188519477844238e-01 7.018522173166275024e-02 8.916164636611938477e-01 5.251116943359375000e+01
8.900496363639831543e-01 7.350692991167306900e-03 -4.558044075965881348e-01 -1.491685199737548828e+01 -3.738528117537498474e-02 9.976789355278015137e-01 -5.691283941268920898e-02 -2.571414470672607422e+00 4.543280899524688721e-01 6.769562512636184692e-02 8.882585763931274414e-01 5.339404678344726562e+01
8.868681788444519043e-01 6.560706999152898788e-03 -4.619759023189544678e-01 -1.538892078399658203e+01 -3.665723651647567749e-02 9.977462291717529297e-01 -5.620253458619117737e-02 -2.625969648361206055e+00 4.605659842491149902e-01 6.677900254726409912e-02 8.851099014282226562e-01 5.427440261840820312e+01
8.840454816818237305e-01 8.059583604335784912e-03 -4.673313796520233154e-01 -1.587002754211425781e+01 -3.781661391258239746e-02 9.978067278861999512e-01 -5.432910844683647156e-02 -2.683635473251342773e+00 4.658685326576232910e-01 6.570229679346084595e-02 8.824113011360168457e-01 5.514959335327148438e+01
8.810817003250122070e-01 6.304225884377956390e-03 -4.729220867156982422e-01 -1.634725570678710938e+01 -3.568687289953231812e-02 9.979468584060668945e-01 -5.318374559283256531e-02 -2.739981889724731445e+00 4.716158211231231689e-01 6.373633444309234619e-02 8.794977068901062012e-01 5.602700424194335938e+01
8.784390687942504883e-01 5.112891085445880890e-03 -4.778269827365875244e-01 -1.682941246032714844e+01 -3.476607427000999451e-02 9.979766011238098145e-01 -5.323544517159461975e-02 -2.800685167312622070e+00 4.765879511833190918e-01 6.337626278400421143e-02 8.768393993377685547e-01 5.690137481689453125e+01
8.768253326416015625e-01 4.185195546597242355e-03 -4.807908236980438232e-01 -1.734229850769042969e+01 -3.368569910526275635e-02 9.980396628379821777e-01 -5.274535343050956726e-02 -2.844239950180053711e+00 4.796275794506072998e-01 6.244423612952232361e-02 8.752474784851074219e-01 5.775896835327148438e+01
8.754770159721374512e-01 2.580416854470968246e-03 -4.832528531551361084e-01 -1.784180831909179688e+01 -3.222949430346488953e-02 9.980711340904235840e-01 -5.305865034461021423e-02 -2.882903814315795898e+00 4.821838140487670898e-01 6.202662736177444458e-02 8.738715648651123047e-01 5.862461090087890625e+01
8.749051690101623535e-01 3.516525030136108398e-03 -4.842814505100250244e-01 -1.832210350036621094e+01 -3.298279643058776855e-02 9.980845451354980469e-01 -5.233946442604064941e-02 -2.952500581741333008e+00 4.831697642803192139e-01 6.176502630114555359e-02 8.733453154563903809e-01 5.949903488159179688e+01
8.747781515121459961e-01 3.026105696335434914e-03 -4.845141768455505371e-01 -1.881843376159667969e+01 -3.156740590929985046e-02 9.982118606567382812e-01 -5.075967684388160706e-02 -3.001105308532714844e+00 4.834942221641540527e-01 5.969831347465515137e-02 8.733094930648803711e-01 6.036582946777343750e+01
8.747239112854003906e-01 2.395001240074634552e-03 -4.846156835556030273e-01 -1.931267547607421875e+01 -3.063177503645420074e-02 9.982614517211914062e-01 -5.035641416907310486e-02 -3.055659294128417969e+00 4.836525619029998779e-01 5.889260023832321167e-02 8.732765316963195801e-01 6.123345184326171875e+01
8.741900324821472168e-01 7.992479368112981319e-04 -4.855833351612091064e-01 -1.980703926086425781e+01 -2.948147058486938477e-02 9.982412457466125488e-01 -5.143209174275398254e-02 -3.110187530517578125e+00 4.846881926059722900e-01 5.927713215351104736e-02 8.726760745048522949e-01 6.210107040405273438e+01
8.731205463409423828e-01 -1.697889063507318497e-03 -4.875014424324035645e-01 -2.030061912536621094e+01 -2.702805027365684509e-02 9.982872605323791504e-01 -5.188441649079322815e-02 -3.165774822235107422e+00 4.867545664310455322e-01 5.847756192088127136e-02 8.715792298316955566e-01 6.296914291381835938e+01
8.717145919799804688e-01 -1.737607992254197598e-03 -4.900109171867370605e-01 -2.079682731628417969e+01 -2.611390314996242523e-02 9.984079599380493164e-01 -4.999625682830810547e-02 -3.222892999649047852e+00 4.893176555633544922e-01 5.637856572866439819e-02 8.702813982963562012e-01 6.383567047119140625e+01
8.694764375686645508e-01 -2.451831009238958359e-03 -4.939683377742767334e-01 -2.129234886169433594e+01 -2.343864925205707550e-02 9.986565709114074707e-01 -4.621326923370361328e-02 -3.275128602981567383e+00 4.934180378913879395e-01 5.175929889082908630e-02 8.682509064674377441e-01 6.470301818847656250e+01
8.668928146362304688e-01 -2.094265306368470192e-03 -4.984902143478393555e-01 -2.179679489135742188e+01 -2.194415777921676636e-02 9.988614916801452637e-01 -4.235813021659851074e-02 -3.331092357635498047e+00 4.980113804340362549e-01 4.765890538692474365e-02 8.658598661422729492e-01 6.556501770019531250e+01
8.629707098007202148e-01 -2.178519032895565033e-03 -5.052492618560791016e-01 -2.230463790893554688e+01 -2.112903818488121033e-02 9.989603161811828613e-01 -4.039589315652847290e-02 -3.386869668960571289e+00 5.048119425773620605e-01 4.553590342402458191e-02 8.620274662971496582e-01 6.642521667480468750e+01
8.578215241432189941e-01 -6.264668889343738556e-03 -5.139095187187194824e-01 -2.282337379455566406e+01 -1.833247393369674683e-02 9.989163875579833984e-01 -4.277770966291427612e-02 -3.439975976943969727e+00 5.136206150054931641e-01 4.611687362194061279e-02 8.567771315574645996e-01 6.727922058105468750e+01
8.517783880233764648e-01 -1.010045129805803299e-02 -5.238048434257507324e-01 -2.334674453735351562e+01 -1.638103276491165161e-02 9.988118410110473633e-01 -4.589774087071418762e-02 -3.498224973678588867e+00 5.236460566520690918e-01 4.767517000436782837e-02 8.506008982658386230e-01 6.813015747070312500e+01
8.458096385002136230e-01 -1.038952916860580444e-02 -5.333836078643798828e-01 -2.388739585876464844e+01 -1.616200432181358337e-02 9.988524317741394043e-01 -4.508497193455696106e-02 -3.552877902984619141e+00 5.332399010658264160e-01 4.675385355949401855e-02 8.446710705757141113e-01 6.897044372558593750e+01
8.402855396270751953e-01 -6.929073482751846313e-03 -5.420997738838195801e-01 -2.444035339355468750e+01 -1.759083755314350128e-02 9.990433454513549805e-01 -4.003648832440376282e-02 -3.603577852249145508e+00 5.418586134910583496e-01 4.317807033658027649e-02 8.393598198890686035e-01 6.980287933349609375e+01
8.353513479232788086e-01 -1.841075834818184376e-03 -5.497133135795593262e-01 -2.499780845642089844e+01 -2.132914774119853973e-02 9.991328120231628418e-01 -3.575829789042472839e-02 -3.652876853942871094e+00 5.493024587631225586e-01 4.159566015005111694e-02 8.345876932144165039e-01 7.063229370117187500e+01
8.314495086669921875e-01 -1.839204342104494572e-03 -5.555972456932067871e-01 -2.556272315979003906e+01 -2.267552353441715240e-02 9.990490078926086426e-01 -3.724101930856704712e-02 -3.700758218765258789e+00 5.551373362541198730e-01 4.356248676776885986e-02 8.306171298027038574e-01 7.145657348632812500e+01
8.282130360603332520e-01 -4.071296192705631256e-03 -5.603986382484436035e-01 -2.613854408264160156e+01 -2.317691035568714142e-02 9.988692402839660645e-01 -4.150993376970291138e-02 -3.751266002655029297e+00 5.599339604377746582e-01 4.736737534403800964e-02 8.271821141242980957e-01 7.227301788330078125e+01
8.252894282341003418e-01 -6.111362017691135406e-03 -5.646768808364868164e-01 -2.671158218383789062e+01 -2.592209540307521820e-02 9.984773993492126465e-01 -4.869207739830017090e-02 -3.804731130599975586e+00 5.641146898269653320e-01 5.482266470789909363e-02 8.238744735717773438e-01 7.309117889404296875e+01
8.219055533409118652e-01 -8.420397527515888214e-03 -5.695615410804748535e-01 -2.728541183471679688e+01 -2.465667389333248138e-02 9.984276294708251953e-01 -5.034155398607254028e-02 -3.858833551406860352e+00 5.690898895263671875e-01 5.541949719190597534e-02 8.204056024551391602e-01 7.390880584716796875e+01
8.183547854423522949e-01 -7.680567912757396698e-03 -5.746620297431945801e-01 -2.785945892333984375e+01 -2.342476509511470795e-02 9.986339807510375977e-01 -4.670544341206550598e-02 -3.912730216979980469e+00 5.742357969284057617e-01 5.168294534087181091e-02 8.170570135116577148e-01 7.472631835937500000e+01
8.150532841682434082e-01 -5.645622033625841141e-03 -5.793585181236267090e-01 -2.843935966491699219e+01 -2.263282239437103271e-02 9.988790750503540039e-01 -4.157399758696556091e-02 -3.967094659805297852e+00 5.789437890052795410e-01 4.699754342436790466e-02 8.140118718147277832e-01 7.553962707519531250e+01
8.121506571769714355e-01 -3.728341311216354370e-03 -5.834358930587768555e-01 -2.903056716918945312e+01 -2.317848056554794312e-02 9.989839792251586914e-01 -3.864858672022819519e-02 -4.018261432647705078e+00 5.829871892929077148e-01 4.491163417696952820e-02 8.112391233444213867e-01 7.634490966796875000e+01
8.091937899589538574e-01 -2.966392319649457932e-03 -5.875343680381774902e-01 -2.962571716308593750e+01 -2.466781437397003174e-02 9.989339709281921387e-01 -3.901775181293487549e-02 -4.071056365966796875e+00 5.870237946510314941e-01 4.606610909104347229e-02 8.082579970359802246e-01 7.714717102050781250e+01
8.059988021850585938e-01 -3.532369155436754227e-03 -5.919066667556762695e-01 -3.022793197631835938e+01 -2.554618567228317261e-02 9.988428354263305664e-01 -4.074709489941596985e-02 -4.121739387512207031e+00 5.913656353950500488e-01 4.796306416392326355e-02 8.049759268760681152e-01 7.794430541992187500e+01
8.024983406066894531e-01 -5.221558734774589539e-03 -5.966314673423767090e-01 -3.083670043945312500e+01 -2.569493092596530914e-02 9.987315535545349121e-01 -4.330155998468399048e-02 -4.174773693084716797e+00 5.961008071899414062e-01 5.007983744144439697e-02 8.013462424278259277e-01 7.873633575439453125e+01
7.977772951126098633e-01 -7.803345564752817154e-03 -6.029017567634582520e-01 -3.143705177307128906e+01 -2.333164401352405548e-02 9.987678527832031250e-01 -4.380014911293983459e-02 -4.225165843963623047e+00 6.025006771087646484e-01 4.900945350527763367e-02 7.966122031211853027e-01 7.953507995605468750e+01
7.934024333953857422e-01 -8.060821332037448883e-03 -6.086440682411193848e-01 -3.205195999145507812e+01 -2.265672571957111359e-02 9.988283514976501465e-01 -4.276272282004356384e-02 -4.281048297882080078e+00 6.082755923271179199e-01 4.771793261170387268e-02 7.922902107238769531e-01 8.032225036621093750e+01
7.891420125961303711e-01 -6.209900602698326111e-03 -6.141793727874755859e-01 -3.267846679687500000e+01 -2.459343709051609039e-02 9.988275170326232910e-01 -4.169845581054687500e-02 -4.339503288269042969e+00 6.137182116508483887e-01 4.801078513264656067e-02 7.880640029907226562e-01 8.110002899169921875e+01
7.839565277099609375e-01 -7.650287356227636337e-03 -6.207686066627502441e-01 -3.330627822875976562e+01 -2.416796609759330750e-02 9.987900257110595703e-01 -4.283023625612258911e-02 -4.391751766204833984e+00 6.203451156616210938e-01 4.857975617051124573e-02 7.828230261802673340e-01 8.187729644775390625e+01
7.787010669708251953e-01 -9.169827215373516083e-03 -6.273281574249267578e-01 -3.394229125976562500e+01 -2.341903746128082275e-02 9.987714886665344238e-01 -4.366931691765785217e-02 -4.444393634796142578e+00 6.269578933715820312e-01 4.869676381349563599e-02 7.775296568870544434e-01 8.264784240722656250e+01
7.731096148490905762e-01 -1.066632661968469620e-02 -6.341827511787414551e-01 -3.458003997802734375e+01 -2.275694906711578369e-02 9.987483620643615723e-01 -4.454014450311660767e-02 -4.498424053192138672e+00 6.338640451431274414e-01 4.886647686362266541e-02 7.718992233276367188e-01 8.341688537597656250e+01
7.675918340682983398e-01 -1.190262474119663239e-02 -6.408284306526184082e-01 -3.522527694702148438e+01 -2.243833430111408234e-02 9.987156391143798828e-01 -4.542685300111770630e-02 -4.555227756500244141e+00 6.405460834503173828e-01 4.924840480089187622e-02 7.663388848304748535e-01 8.417944335937500000e+01
7.621147036552429199e-01 -1.263886038213968277e-02 -6.473186612129211426e-01 -3.588206863403320312e+01 -2.277909778058528900e-02 9.986670017242431641e-01 -4.631767794489860535e-02 -4.612802505493164062e+00 6.470412015914916992e-01 5.004471540451049805e-02 7.608109116554260254e-01 8.493200683593750000e+01
7.557312250137329102e-01 -1.495675183832645416e-02 -6.547110676765441895e-01 -3.653874969482421875e+01 -2.059386298060417175e-02 9.987019300460815430e-01 -4.658659920096397400e-02 -4.661156177520751953e+00 6.545580029487609863e-01 4.868998005986213684e-02 7.544422745704650879e-01 8.568540954589843750e+01
7.491894364356994629e-01 -1.626357436180114746e-02 -6.621560454368591309e-01 -3.720719146728515625e+01 -1.832372695207595825e-02 9.988069534301757812e-01 -4.526442661881446838e-02 -4.708036422729492188e+00 6.621022820472717285e-01 4.604480043053627014e-02 7.479976415634155273e-01 8.642851257324218750e+01
7.425192594528198242e-01 -1.794617809355258942e-02 -6.695842742919921875e-01 -3.788466644287109375e+01 -1.624189503490924835e-02 9.988647103309631348e-01 -4.478260129690170288e-02 -4.755593776702880859e+00 6.696277856826782227e-01 4.412725940346717834e-02 7.413848042488098145e-01 8.716334533691406250e+01
7.360131740570068359e-01 -2.081445232033729553e-02 -6.766471862792968750e-01 -3.857359695434570312e+01 -1.379571389406919479e-02 9.988584518432617188e-01 -4.573213681578636169e-02 -4.802269935607910156e+00 6.768266558647155762e-01 4.299428313970565796e-02 7.348858118057250977e-01 8.788747406005859375e+01
7.297858595848083496e-01 -2.291864901781082153e-02 -6.832915544509887695e-01 -3.927074050903320312e+01 -1.328896544873714447e-02 9.987736344337463379e-01 -4.769361019134521484e-02 -4.849086284637451172e+00 6.835466623306274414e-01 4.388635978102684021e-02 7.285863161087036133e-01 8.860365295410156250e+01
7.233184576034545898e-01 -2.459290437400341034e-02 -6.900765299797058105e-01 -3.997106170654296875e+01 -1.153156161308288574e-02 9.987959861755371094e-01 -4.768208041787147522e-02 -4.886526107788085938e+00 6.904183030128479004e-01 4.244698956608772278e-02 7.221639752388000488e-01 8.931729888916015625e+01
7.178862690925598145e-01 -2.466046251356601715e-02 -6.957234740257263184e-01 -4.067068481445312500e+01 -1.115434337407350540e-02 9.988366365432739258e-01 -4.691421985626220703e-02 -4.938616275787353516e+00 6.960710287094116211e-01 4.143941029906272888e-02 7.167760133743286133e-01 9.003057861328125000e+01
7.126829624176025391e-01 -2.555251680314540863e-02 -7.010207176208496094e-01 -4.137879180908203125e+01 -1.062026619911193848e-02 9.988287687301635742e-01 -4.720469936728477478e-02 -4.986657142639160156e+00 7.014058828353881836e-01 4.108700901269912720e-02 7.115768790245056152e-01 9.073569488525390625e+01
7.080891728401184082e-01 -2.692418731749057770e-02 -7.056095004081726074e-01 -4.209669876098632812e+01 -1.018704567104578018e-02 9.987792968750000000e-01 -4.833361133933067322e-02 -5.039489746093750000e+00 7.060495615005493164e-01 4.141258448362350464e-02 7.069505453109741211e-01 9.143039703369140625e+01
7.031610012054443359e-01 -2.811020240187644958e-02 -7.104747891426086426e-01 -4.281042098999023438e+01 -1.117710210382938385e-02 9.986577630043029785e-01 -5.057431384921073914e-02 -5.099401473999023438e+00 7.109428048133850098e-01 4.350293427705764771e-02 7.019029855728149414e-01 9.212886047363281250e+01
6.979709863662719727e-01 -3.112891875207424164e-02 -7.154491543769836426e-01 -4.353053665161132812e+01 -1.008578203618526459e-02 9.985284209251403809e-01 -5.328498035669326782e-02 -5.155921459197998047e+00 7.160549759864807129e-01 4.440723359584808350e-02 6.966299414634704590e-01 9.282104492187500000e+01
6.930632591247558594e-01 -3.187897056341171265e-02 -7.201715111732482910e-01 -4.425867080688476562e+01 -1.029543112963438034e-02 9.984821081161499023e-01 -5.410650745034217834e-02 -5.214164257049560547e+00 7.208032011985778809e-01 4.491370916366577148e-02 6.916830539703369141e-01 9.350460815429687500e+01
6.877998113632202148e-01 -3.255042806267738342e-02 -7.251702547073364258e-01 -4.498045730590820312e+01 -8.284022100269794464e-03 9.985771179199218750e-01 -5.267985165119171143e-02 -5.276189804077148438e+00 7.258531451225280762e-01 4.224051907658576965e-02 6.865515112876892090e-01 9.419458007812500000e+01
6.832045912742614746e-01 -3.187032043933868408e-02 -7.295311689376831055e-01 -4.572071075439453125e+01 -8.749115280807018280e-03 9.986181855201721191e-01 -5.181919410824775696e-02 -5.336237430572509766e+00 7.301745414733886719e-01 4.178586229681968689e-02 6.819816827774047852e-01 9.486479187011718750e+01
6.780065298080444336e-01 -3.323732689023017883e-02 -7.343040108680725098e-01 -4.645673370361328125e+01 -7.488676346838474274e-03 9.986129999160766602e-01 -5.211546644568443298e-02 -5.397914886474609375e+00 7.350177168846130371e-01 4.083359241485595703e-02 6.768172383308410645e-01 9.553956604003906250e+01
6.734880208969116211e-01 -3.430731967091560364e-02 -7.384015917778015137e-01 -4.720246887207031250e+01 -6.357280071824789047e-03 9.986166357994079590e-01 -5.219573155045509338e-02 -5.458263874053955078e+00 7.391707897186279297e-01 3.984742611646652222e-02 6.723382472991943359e-01 9.620362854003906250e+01
6.691135764122009277e-01 -3.510440886020660400e-02 -7.423305511474609375e-01 -4.794664764404296875e+01 -5.236406344920396805e-03 9.986362457275390625e-01 -5.194489657878875732e-02 -5.519739627838134766e+00 7.431417107582092285e-01 3.864417970180511475e-02 6.680172681808471680e-01 9.686931610107421875e+01
6.652371883392333984e-01 -3.602173179388046265e-02 -7.457626461982727051e-01 -4.869841766357421875e+01 -4.289911594241857529e-03 9.986346364021301270e-01 -5.206261947751045227e-02 -5.578932762145996094e+00 7.466197609901428223e-01 3.783324733376502991e-02 6.641743779182434082e-01 9.752655029296875000e+01
6.614253520965576172e-01 -3.989738970994949341e-02 -7.489490509033203125e-01 -4.945764923095703125e+01 -6.618939805775880814e-04 9.985526800155639648e-01 -5.377861112356185913e-02 -5.629150867462158203e+00 7.500106692314147949e-01 3.606626391410827637e-02 6.604416370391845703e-01 9.817588806152343750e+01
6.571936011314392090e-01 -4.492418467998504639e-02 -7.523818612098693848e-01 -5.021099090576171875e+01 2.841989276930689812e-03 9.983627796173095703e-01 -5.712909996509552002e-02 -5.691572189331054688e+00 7.537164688110351562e-01 3.540661558508872986e-02 6.562452912330627441e-01 9.883104705810546875e+01
6.523044109344482422e-01 -4.949427396059036255e-02 -7.563394308090209961e-01 -5.096774673461914062e+01 7.489914540201425552e-03 9.982379078865051270e-01 -5.886425450444221497e-02 -5.754733085632324219e+00 7.579200863838195801e-01 3.273249417543411255e-02 6.515256762504577637e-01 9.948226165771484375e+01
6.448929905891418457e-01 -5.414212867617607117e-02 -7.623527050018310547e-01 -5.172126007080078125e+01 1.398066431283950806e-02 9.981563687324523926e-01 -5.906226858496665955e-02 -5.823392868041992188e+00 7.641450166702270508e-01 2.743064425885677338e-02 6.444609761238098145e-01 1.001369552612304688e+02
6.364427804946899414e-01 -5.831395834684371948e-02 -7.691164016723632812e-01 -5.248836135864257812e+01 1.929081790149211884e-02 9.980295300483703613e-01 -5.970689281821250916e-02 -5.891722679138183594e+00 7.710826396942138672e-01 2.316313609480857849e-02 6.363136172294616699e-01 1.007758407592773438e+02
6.264883279800415039e-01 -6.098106503486633301e-02 -7.770416140556335449e-01 -5.325640487670898438e+01 2.424821443855762482e-02 9.979770183563232422e-01 -5.876966938376426697e-02 -5.956918239593505859e+00 7.790535092353820801e-01 1.797663979232311249e-02 6.266996264457702637e-01 1.014141006469726562e+02
6.172251105308532715e-01 -5.988156422972679138e-02 -7.845045328140258789e-01 -5.403791809082031250e+01 2.510583773255348206e-02 9.980907440185546875e-01 -5.643215402960777283e-02 -6.025681018829345703e+00 7.863859534263610840e-01 1.513569895178079605e-02 6.175500750541687012e-01 1.020353469848632812e+02
6.085608601570129395e-01 -5.950418859720230103e-02 -7.912729382514953613e-01 -5.483530426025390625e+01 2.418473921716213226e-02 9.981120228767395020e-01 -5.645834282040596008e-02 -6.093003749847412109e+00 7.931385636329650879e-01 1.522160973399877548e-02 6.088510155677795410e-01 1.026361694335937500e+02
5.988696813583374023e-01 -6.125326082110404968e-02 -7.985005974769592285e-01 -5.563564300537109375e+01 2.394874580204486847e-02 9.979945421218872070e-01 -5.859512463212013245e-02 -6.155996799468994141e+00 8.004883527755737305e-01 1.596775464713573456e-02 5.991355776786804199e-01 1.032336425781250000e+02
5.885530710220336914e-01 -6.419920921325683594e-02 -8.059055805206298828e-01 -5.644617080688476562e+01 2.517810836434364319e-02 9.978140592575073242e-01 -6.109924614429473877e-02 -6.215885162353515625e+00 8.080664277076721191e-01 1.566896960139274597e-02 5.888829231262207031e-01 1.038175964355468750e+02
5.791073441505432129e-01 -6.566206365823745728e-02 -8.126026988029479980e-01 -5.726786422729492188e+01 2.519864402711391449e-02 9.977166652679443359e-01 -6.266213208436965942e-02 -6.283362865447998047e+00 8.148617744445800781e-01 1.581161282956600189e-02 5.794396400451660156e-01 1.043847732543945312e+02
5.690613389015197754e-01 -6.691052764654159546e-02 -8.195682764053344727e-01 -5.809195709228515625e+01 2.824185974895954132e-02 9.976862668991088867e-01 -6.184275820851325989e-02 -6.349895477294921875e+00 8.218099474906921387e-01 1.204618997871875763e-02 5.696343779563903809e-01 1.049486083984375000e+02
5.589793920516967773e-01 -6.688714027404785156e-02 -8.264793753623962402e-01 -5.891933822631835938e+01 2.890830114483833313e-02 9.977072477340698242e-01 -6.119286641478538513e-02 -6.419522762298583984e+00 8.286774754524230957e-01 1.031343545764684677e-02 5.596313476562500000e-01 1.055072479248046875e+02
5.489961504936218262e-01 -6.739487498998641968e-02 -8.331033587455749512e-01 -5.975838851928710938e+01 2.881376445293426514e-02 9.976774454116821289e-01 -6.172067299485206604e-02 -6.490396976470947266e+00 8.353281021118164062e-01 9.879567660391330719e-03 5.496629476547241211e-01 1.060480194091796875e+02
5.393285751342773438e-01 -6.822770088911056519e-02 -8.393269181251525879e-01 -6.060552597045898438e+01 2.758847922086715698e-02 9.976089000701904297e-01 -6.336661428213119507e-02 -6.559978961944580078e+00 8.416433930397033691e-01 1.101967319846153259e-02 5.399212837219238281e-01 1.065761566162109375e+02
5.294983983039855957e-01 -6.870926916599273682e-02 -8.455237746238708496e-01 -6.145554733276367188e+01 2.587908133864402771e-02 9.975588917732238770e-01 -6.485756486654281616e-02 -6.631303787231445312e+00 8.479161262512207031e-01 1.246059592813253403e-02 5.299839377403259277e-01 1.070994262695312500e+02
5.196173787117004395e-01 -6.989046186208724976e-02 -8.515357375144958496e-01 -6.230934143066406250e+01 2.476294338703155518e-02 9.974619150161743164e-01 -6.675682961940765381e-02 -6.704317569732666016e+00 8.540401458740234375e-01 1.360147539526224136e-02 5.200292468070983887e-01 1.076162719726562500e+02
