1.000000000000000000e+00 -1.629864687657800459e-09 -4.539712605833301495e-09 0.000000000000000000e+00 -3.964358619157337671e-09 1.000000000000000000e+00 5.288189885988003880e-10 0.000000000000000000e+00 -4.539712605833301495e-09 -8.558955766346798555e-10 1.000000000000000000e+00 0.000000000000000000e+00
9.997784495353698730e-01 2.109007677063345909e-03 2.094239182770252228e-02 1.362216323614120483e-01 -2.115624956786632538e-03 9.999976754188537598e-01 2.935657103080302477e-04 8.234722539782524109e-03 -2.094170637428760529e-02 -3.378056571818888187e-04 9.997806549072265625e-01 9.893848896026611328e-01
9.988583922386169434e-01 3.074148669838905334e-03 4.766996949911117554e-02 3.289285600185394287e-01 -3.154453821480274200e-03 9.999937415122985840e-01 1.609441242180764675e-03 8.575838990509510040e-03 -4.766476526856422424e-02 -1.757976366207003593e-03 9.988618493080139160e-01 1.969020724296569824e+00
9.966853260993957520e-01 2.206541132181882858e-03 8.132368326187133789e-02 5.735674500465393066e-01 -2.534280298277735710e-03 9.999890327453613281e-01 3.927040379494428635e-03 2.029167022556066513e-03 -8.131412416696548462e-02 -4.120120313018560410e-03 9.966800212860107422e-01 2.936575412750244141e+00
9.928773045539855957e-01 -1.099416986107826233e-03 1.191363781690597534e-01 8.748368024826049805e-01 3.850226930808275938e-04 9.999817013740539551e-01 6.019259802997112274e-03 4.170189145952463150e-03 -1.191408410668373108e-01 -5.930513609200716019e-03 9.928597211837768555e-01 3.887780666351318359e+00
9.873793721199035645e-01 -4.525212105363607407e-03 1.583083271980285645e-01 1.227362990379333496e+00 3.558979602530598640e-03 9.999731779098510742e-01 6.386415101587772369e-03 1.022042147815227509e-02 -1.583330333232879639e-01 -5.742398090660572052e-03 9.873691201210021973e-01 4.821105003356933594e+00
9.794079065322875977e-01 -4.311408381909132004e-03 2.018452286720275879e-01 1.585463285446166992e+00 2.811189042404294014e-03 9.999662637710571289e-01 7.718601729720830917e-03 2.244669198989868164e-02 -2.018716931343078613e-01 -6.992233917117118835e-03 9.793870449066162109e-01 5.751918792724609375e+00
9.683131575584411621e-01 -4.466895014047622681e-03 2.496988624334335327e-01 1.981588959693908691e+00 1.862991368398070335e-03 9.999414086341857910e-01 1.066353730857372284e-02 3.923638164997100830e-02 -2.497318536043167114e-01 -9.860457852482795715e-03 9.682648181915283203e-01 6.666811943054199219e+00
9.547875523567199707e-01 -8.526683785021305084e-03 2.971667051315307617e-01 2.442106485366821289e+00 3.325200639665126801e-03 9.998323321342468262e-01 1.800467632710933685e-02 2.901886031031608582e-02 -2.972704172134399414e-01 -1.620249822735786438e-02 9.546558260917663574e-01 7.551153659820556641e+00
9.388701915740966797e-01 -1.818183809518814087e-02 3.437909185886383057e-01 2.992160081863403320e+00 9.838167577981948853e-03 9.996135234832763672e-01 2.599848993122577667e-02 4.685021471232175827e-03 -3.441308140754699707e-01 -2.102693542838096619e-02 9.386862516403198242e-01 8.382526397705078125e+00
9.185094237327575684e-01 -2.343563362956047058e-02 3.947039842605590820e-01 3.542370557785034180e+00 1.241227984428405762e-02 9.994589090347290039e-01 3.045866265892982483e-02 1.738033443689346313e-02 -3.952042758464813232e-01 -2.307739295065402985e-02 9.183033704757690430e-01 9.213603973388671875e+00
8.942680954933166504e-01 -2.462701126933097839e-02 4.468533992767333984e-01 4.118350982666015625e+00 1.016229763627052307e-02 9.993447661399841309e-01 3.473858535289764404e-02 3.041478246450424194e-02 -4.474161267280578613e-01 -2.652455493807792664e-02 8.939324617385864258e-01 1.002682018280029297e+01
8.670266866683959961e-01 -2.755880728363990784e-02 4.974989295005798340e-01 4.754065036773681641e+00 9.220534935593605042e-03 9.991856813430786133e-01 3.928031399846076965e-02 5.441957339644432068e-02 -4.981763660907745361e-01 -2.946987375617027283e-02 8.665747642517089844e-01 1.079399871826171875e+01
8.356637954711914062e-01 -3.208526968955993652e-02 5.483032464981079102e-01 5.421966552734375000e+00 9.644189849495887756e-03 9.989954233169555664e-01 4.375997185707092285e-02 8.316598087549209595e-02 -5.491565465927124023e-01 -3.128068894147872925e-02 8.351339101791381836e-01 1.153295898437500000e+01
8.005734682083129883e-01 -3.697592765092849731e-02 5.980926752090454102e-01 6.128566265106201172e+00 1.061638351529836655e-02 9.988128542900085449e-01 4.753918573260307312e-02 8.283485472202301025e-02 -5.991405248641967773e-01 -3.170903027057647705e-02 8.000157475471496582e-01 1.223547649383544922e+01
7.634723186492919922e-01 -4.096771776676177979e-02 6.445398926734924316e-01 6.876042366027832031e+00 1.110917422920465469e-02 9.986714124679565430e-01 5.031766369938850403e-02 1.122843548655509949e-01 -6.457449793815612793e-01 -3.125583380460739136e-02 7.629131674766540527e-01 1.289381217956542969e+01
7.245470881462097168e-01 -4.428146407008171082e-02 6.878012418746948242e-01 7.658886909484863281e+00 1.240283716470003128e-02 9.986099600791931152e-01 5.122623592615127563e-02 1.582611799240112305e-01 -6.891136169433593750e-01 -2.858513966202735901e-02 7.240892648696899414e-01 1.350878334045410156e+01
6.839587688446044922e-01 -4.682530835270881653e-02 7.280163764953613281e-01 8.474619865417480469e+00 1.282787881791591644e-02 9.985555410385131836e-01 5.217455700039863586e-02 2.069154530763626099e-01 -7.294079065322875977e-01 -2.634634077548980713e-02 6.835715174674987793e-01 1.407928180694580078e+01
6.425286531448364258e-01 -4.725026339292526245e-02 7.648035287857055664e-01 9.300216674804687500e+00 8.677066303789615631e-03 9.984816312789916992e-01 5.439730733633041382e-02 2.526119649410247803e-01 -7.662126421928405762e-01 -2.831557765603065491e-02 6.419629454612731934e-01 1.463578414916992188e+01
6.016744375228881836e-01 -4.814592376351356506e-02 7.972890734672546387e-01 1.014490222930908203e+01 6.132062058895826340e-03 9.984306097030639648e-01 5.566470324993133545e-02 2.982991635799407959e-01 -7.987179160118103027e-01 -2.860300242900848389e-02 6.010254621505737305e-01 1.516320419311523438e+01
5.624485611915588379e-01 -4.961885884404182434e-02 8.253420591354370117e-01 1.101364040374755859e+01 4.743630532175302505e-03 9.983748793601989746e-01 5.678878724575042725e-02 3.439973294734954834e-01 -8.268187046051025391e-01 -2.802565321326255798e-02 5.617699623107910156e-01 1.565046787261962891e+01
5.249693393707275391e-01 -5.219691246747970581e-02 8.495190739631652832e-01 1.190337276458740234e+01 4.268251825124025345e-03 9.982665777206420898e-01 5.869876965880393982e-02 3.875311017036437988e-01 -8.511105179786682129e-01 -2.718909084796905518e-02 5.242821574211120605e-01 1.609893417358398438e+01
4.884042739868164062e-01 -5.205893516540527344e-02 8.710631728172302246e-01 1.279978370666503906e+01 1.570911146700382233e-03 9.982696175575256348e-01 5.878059566020965576e-02 4.322567582130432129e-01 -8.726160526275634766e-01 -2.734033204615116119e-02 4.876409769058227539e-01 1.653404998779296875e+01
4.525502622127532959e-01 -5.143184214830398560e-02 8.902544975280761719e-01 1.371078300476074219e+01 8.503192802891135216e-04 9.983597397804260254e-01 5.724506452679634094e-02 4.806917905807495117e-01 -8.917384743690490723e-01 -2.514927461743354797e-02 4.518517553806304932e-01 1.693757057189941406e+01
4.197304844856262207e-01 -5.030655860900878906e-02 9.062535166740417480e-01 1.463855361938476562e+01 2.561819041147828102e-03 9.985244870185852051e-01 5.424205213785171509e-02 5.289758443832397461e-01 -9.076451063156127930e-01 -2.044538781046867371e-02 4.192400872707366943e-01 1.730161857604980469e+01
3.907528519630432129e-01 -4.877426847815513611e-02 9.192025065422058105e-01 1.557480049133300781e+01 5.034694448113441467e-03 9.986934661865234375e-01 5.085192248225212097e-02 5.763243436813354492e-01 -9.204818606376647949e-01 -1.524263154715299606e-02 3.904879093170166016e-01 1.764420700073242188e+01
3.656332492828369141e-01 -4.702707007527351379e-02 9.295701980590820312e-01 1.651402854919433594e+01 6.142801139503717422e-03 9.988229274749755859e-01 4.811438545584678650e-02 6.213425993919372559e-01 -9.307387471199035645e-01 -1.188205368816852570e-02 3.654917776584625244e-01 1.797966575622558594e+01
3.457965254783630371e-01 -4.671926796436309814e-02 9.371457099914550781e-01 1.745942878723144531e+01 7.869699038565158844e-03 9.988688826560974121e-01 4.689250513911247253e-02 6.641858220100402832e-01 -9.382765293121337891e-01 -8.840211667120456696e-03 3.457730710506439209e-01 1.829875564575195312e+01
3.312743902206420898e-01 -4.731935262680053711e-02 9.423471093177795410e-01 1.840559196472167969e+01 8.683568798005580902e-03 9.988521933555603027e-01 4.710407555103302002e-02 7.035337090492248535e-01 -9.434944987297058105e-01 -7.421438582241535187e-03 3.313050568103790283e-01 1.861711120605468750e+01
3.200014233589172363e-01 -4.893978685140609741e-02 9.461522102355957031e-01 1.935573387145996094e+01 9.885591454803943634e-03 9.987829923629760742e-01 4.831867665052413940e-02 7.423983812332153320e-01 -9.473654627799987793e-01 -6.108774803578853607e-03 3.200957775115966797e-01 1.892415046691894531e+01
3.092395365238189697e-01 -5.088546872138977051e-02 9.496218562126159668e-01 2.030670738220214844e+01 8.716144599020481110e-03 9.986770749092102051e-01 5.067571997642517090e-02 7.815340161323547363e-01 -9.509443044662475586e-01 -7.393889129161834717e-03 3.092739284038543701e-01 1.922869110107421875e+01
2.989486753940582275e-01 -5.260450392961502075e-02 9.528181552886962891e-01 2.126106071472167969e+01 7.605092599987983704e-03 9.985790252685546875e-01 5.274482071399688721e-02 8.249163627624511719e-01 -9.542388319969177246e-01 -8.521729148924350739e-03 2.989239692687988281e-01 1.952195549011230469e+01
2.890820801258087158e-01 -5.442031845450401306e-02 9.557562470436096191e-01 2.221847534179687500e+01 6.977367680519819260e-03 9.984760284423828125e-01 5.474236607551574707e-02 8.694545626640319824e-01 -9.572788476943969727e-01 -9.156372398138046265e-03 2.890213131904602051e-01 1.980503845214843750e+01
2.791213691234588623e-01 -5.636699870228767395e-02 9.586000442504882812e-01 2.317830848693847656e+01 6.002279929816722870e-03 9.983585476875305176e-01 5.695712566375732422e-02 9.118192195892333984e-01 -9.602371454238891602e-01 -1.014416292309761047e-02 2.790015041828155518e-01 2.008011436462402344e+01
2.689206302165985107e-01 -5.800174921751022339e-02 9.614142775535583496e-01 2.414119338989257812e+01 6.120440084487199783e-03 9.982678294181823730e-01 5.851313844323158264e-02 9.573169350624084473e-01 -9.631429910659790039e-01 -9.851112030446529388e-03 2.688098549842834473e-01 2.034371376037597656e+01
2.589516639709472656e-01 -5.950220674276351929e-02 9.640557169914245605e-01 2.510771179199218750e+01 6.500310264527797699e-03 9.981854557991027832e-01 5.986268073320388794e-02 1.003854751586914062e+00 -9.658684730529785156e-01 -9.234882891178131104e-03 2.588685452938079834e-01 2.059356307983398438e+01
2.487274408340454102e-01 -6.246116384863853455e-02 9.665575027465820312e-01 2.607539176940917969e+01 5.550342146307229996e-03 9.979940056800842285e-01 6.306438148021697998e-02 1.052732944488525391e+00 -9.685575962066650391e-01 -1.032111607491970062e-02 2.485751360654830933e-01 2.083833885192871094e+01
2.372986525297164917e-01 -6.633830070495605469e-02 9.691690206527709961e-01 2.704430389404296875e+01 4.089879803359508514e-03 9.977248907089233398e-01 6.729152053594589233e-02 1.099699974060058594e+00 -9.714281558990478516e-01 -1.200439594686031342e-02 2.370300590991973877e-01 2.107828903198242188e+01
2.253040820360183716e-01 -7.039057463407516479e-02 9.717423319816589355e-01 2.801723670959472656e+01 3.345766337588429451e-03 9.974366426467895508e-01 7.147607207298278809e-02 1.147779107093811035e+00 -9.742827415466308594e-01 -1.285261847078800201e-02 2.249620258808135986e-01 2.130096435546875000e+01
2.125548273324966431e-01 -7.297898083925247192e-02 9.744200706481933594e-01 2.899425506591796875e+01 3.631652565672993660e-03 9.972591996192932129e-01 7.389731705188751221e-02 1.196963191032409668e+00 -9.771423935890197754e-01 -1.216847728937864304e-02 2.122373282909393311e-01 2.150456047058105469e+01
1.989398896694183350e-01 -7.396394014358520508e-02 9.772166013717651367e-01 2.997458648681640625e+01 4.587955772876739502e-03 9.972072243690490723e-01 7.454299181699752808e-02 1.245811223983764648e+00 -9.800009727478027344e-01 -1.034615840762853622e-02 1.987237036228179932e-01 2.169126892089843750e+01
1.848486810922622681e-01 -7.312197238206863403e-02 9.800428748130798340e-01 3.095584106445312500e+01 3.535315627232193947e-03 9.972711801528930664e-01 7.374057918787002563e-02 1.299899458885192871e+00 -9.827606678009033203e-01 -1.016608159989118576e-02 1.846027821302413940e-01 2.187145423889160156e+01
1.689373105764389038e-01 -7.229556143283843994e-02 9.829717874526977539e-01 3.194125938415527344e+01 3.971785306930541992e-03 9.973480701446533203e-01 7.267030328512191772e-02 1.353933334350585938e+00 -9.856188297271728516e-01 -8.372575975954532623e-03 1.687764823436737061e-01 2.202660179138183594e+01
1.485743224620819092e-01 -7.060521095991134644e-02 9.863775372505187988e-01 3.292738723754882812e+01 8.839642978273332119e-04 9.974570274353027344e-01 7.126513123512268066e-02 1.408753871917724609e+00 -9.889008402824401855e-01 -9.716246277093887329e-03 1.482589095830917358e-01 2.217496681213378906e+01
1.233206987380981445e-01 -6.928028911352157593e-02 9.899455308914184570e-01 3.391707229614257812e+01 -3.642786992713809013e-03 9.975217580795288086e-01 7.026428729295730591e-02 1.459668040275573730e+00 -9.923601746559143066e-01 -1.227120030671358109e-02 1.227626949548721313e-01 2.229667091369628906e+01
9.331464767456054688e-02 -6.873900443315505981e-02 9.932609200477600098e-01 3.490969085693359375e+01 -7.927075959742069244e-03 9.975309371948242188e-01 6.977923959493637085e-02 1.510901451110839844e+00 -9.956051111221313477e-01 -1.438507623970508575e-02 9.253937005996704102e-02 2.238817024230957031e+01
6.013902276754379272e-02 -6.849909573793411255e-02 9.958369135856628418e-01 3.590466308593750000e+01 -1.098072435706853867e-02 9.975368380546569824e-01 6.927914917469024658e-02 1.563101530075073242e+00 -9.981296062469482422e-01 -1.510138902813196182e-02 5.923872068524360657e-02 2.244509696960449219e+01
2.603178285062313080e-02 -6.798999011516571045e-02 9.973463416099548340e-01 3.690139770507812500e+01 -1.212503854185342789e-02 9.975894689559936523e-01 6.832303851842880249e-02 1.609396696090698242e+00 -9.995875954627990723e-01 -1.387142762541770935e-02 2.514459379017353058e-02 2.246026802062988281e+01
-7.655175868421792984e-03 -6.678827106952667236e-02 9.977377653121948242e-01 3.789814376831054688e+01 -1.318446639925241470e-02 9.976869821548461914e-01 6.668370962142944336e-02 1.655337214469909668e+00 -9.998837709426879883e-01 -1.264416519552469254e-02 -8.518037386238574982e-03 2.244353675842285156e+01
-4.041855037212371826e-02 -6.478857249021530151e-02 9.970800876617431641e-01 3.889398956298828125e+01 -1.534337177872657776e-02 9.978181123733520508e-01 6.421454995870590210e-02 1.701671838760375977e+00 -9.990650415420532227e-01 -1.270311512053012848e-02 -4.132444411516189575e-02 2.239723396301269531e+01
-7.299070060253143311e-02 -6.186556816101074219e-02 9.954119920730590820e-01 3.988832092285156250e+01 -1.797534339129924774e-02 9.979936480522155762e-01 6.070793792605400085e-02 1.743882179260253906e+00 -9.971706271171569824e-01 -1.346175558865070343e-02 -7.395632565021514893e-02 2.232283592224121094e+01
-1.051372662186622620e-01 -5.741282552480697632e-02 9.927989840507507324e-01 4.087819671630859375e+01 -1.467731595039367676e-02 9.983128905296325684e-01 5.617735534906387329e-02 1.780546784400939941e+00 -9.943494200706481934e-01 -8.665285073220729828e-03 -1.058025807142257690e-01 2.220079421997070312e+01
-1.370256543159484863e-01 -5.161368101835250854e-02 9.892218708992004395e-01 4.186412429809570312e+01 -9.953134693205356598e-03 9.986628890037536621e-01 5.072757974267005920e-02 1.815710663795471191e+00 -9.905174970626831055e-01 -2.894874894991517067e-03 -1.373561471700668335e-01 2.204977226257324219e+01
-1.672430336475372314e-01 -4.520702734589576721e-02 9.848787188529968262e-01 4.284328079223632812e+01 -3.110833466053009033e-03 9.989674091339111328e-01 4.532545804977416992e-02 1.845723748207092285e+00 -9.859108328819274902e-01 4.516575019806623459e-03 -1.672110259532928467e-01 2.185830307006835938e+01
-1.960630118846893311e-01 -3.954401239752769470e-02 9.797936677932739258e-01 4.381710052490234375e+01 3.159796120598912239e-03 9.991558194160461426e-01 4.095775634050369263e-02 1.870335578918457031e+00 -9.805862307548522949e-01 1.112624909728765488e-02 -1.957725733518600464e-01 2.164027404785156250e+01
-2.239280045032501221e-01 -3.360038623213768005e-02 9.740263223648071289e-01 4.478407669067382812e+01 1.165664475411176682e-02 9.992417097091674805e-01 3.715007752180099487e-02 1.890127897262573242e+00 -9.745360016822814941e-01 1.967282406985759735e-02 -2.233665436506271362e-01 2.139310455322265625e+01
-2.501754760742187500e-01 -2.341761440038681030e-02 9.679172635078430176e-01 4.574523925781250000e+01 1.717874035239219666e-02 9.994426965713500977e-01 2.862048149108886719e-02 1.899158477783203125e+00 -9.680481553077697754e-01 2.378774248063564301e-02 -2.496337741613388062e-01 2.112328910827636719e+01
-2.757068276405334473e-01 -8.000147528946399689e-03 9.612084627151489258e-01 4.670080947875976562e+01 2.100058831274509430e-02 9.996765255928039551e-01 1.434399187564849854e-02 1.900261521339416504e+00 -9.610123038291931152e-01 2.414068207144737244e-02 -2.754496634006500244e-01 2.083413314819335938e+01
-3.003578484058380127e-01 9.600160643458366394e-03 9.537782073020935059e-01 4.764932250976562500e+01 2.222906611859798431e-02 9.997481703758239746e-01 -3.062632866203784943e-03 1.891457080841064453e+00 -9.535675644874572754e-01 2.028171531856060028e-02 -3.004955947399139404e-01 2.052257728576660156e+01
-3.257213830947875977e-01 2.469422109425067902e-02 9.451433420181274414e-01 4.859103012084960938e+01 2.204744517803192139e-02 9.995853304862976074e-01 -1.851852796971797943e-02 1.872191905975341797e+00 -9.452087283134460449e-01 1.480611599981784821e-02 -3.261308073997497559e-01 2.019162559509277344e+01
-3.506181538105010986e-01 3.506490588188171387e-02 9.358617663383483887e-01 4.952320480346679688e+01 2.508639916777610779e-02 9.992918968200683594e-01 -2.804295346140861511e-02 1.838646292686462402e+00 -9.361824393272399902e-01 1.364503800868988037e-02 -3.512495458126068115e-01 1.983572578430175781e+01
-3.743233084678649902e-01 3.924996778368949890e-02 9.264671802520751953e-01 5.044302749633789062e+01 2.791423536837100983e-02 9.991279244422912598e-01 -3.104998357594013214e-02 1.795061469078063965e+00 -9.268780350685119629e-01 1.423889212310314178e-02 -3.750925362110137939e-01 1.944983291625976562e+01
-3.970305919647216797e-01 3.881125152111053467e-02 9.169844388961791992e-01 5.135448455810546875e+01 3.103986196219921112e-02 9.991017580032348633e-01 -2.884740196168422699e-02 1.750717878341674805e+00 -9.172803759574890137e-01 1.700977049767971039e-02 -3.978786766529083252e-01 1.904454612731933594e+01
-4.175355732440948486e-01 3.449521213769912720e-02 9.080055952072143555e-01 5.225635528564453125e+01 3.421816229820251465e-02 9.991672039031982422e-01 -2.222364023327827454e-02 1.709080100059509277e+00 -9.080160856246948242e-01 2.179112471640110016e-02 -4.183682501316070557e-01 1.861774253845214844e+01
-4.355687499046325684e-01 3.301613405346870422e-02 8.995497822761535645e-01 5.314689254760742188e+01 4.149959981441497803e-02 9.990010857582092285e-01 -1.657187379896640778e-02 1.667769908905029297e+00 -8.991983532905578613e-01 3.011276759207248688e-02 -4.365038275718688965e-01 1.816743469238281250e+01
-4.495672285556793213e-01 3.334494307637214661e-02 8.926239013671875000e-01 5.403346633911132812e+01 4.340615123510360718e-02 9.989379048347473145e-01 -1.545505039393901825e-02 1.628941297531127930e+00 -8.921912312507629395e-01 3.179728239774703979e-02 -4.505372047424316406e-01 1.770856285095214844e+01
-4.609680175781250000e-01 3.733990713953971863e-02 8.866307735443115234e-01 5.491653823852539062e+01 4.695105180144309998e-02 9.987411499023437500e-01 -1.765106059610843658e-02 1.592473864555358887e+00 -8.861738443374633789e-01 3.349167481064796448e-02 -4.621409177780151367e-01 1.724244689941406250e+01
-4.708747267723083496e-01 3.988412022590637207e-02 8.812980651855468750e-01 5.579502487182617188e+01 4.761441424489021301e-02 9.986703991889953613e-01 -1.975570991635322571e-02 1.556124806404113770e+00 -8.809142112731933594e-01 3.266002610325813293e-02 -4.721477329730987549e-01 1.676750183105468750e+01
-4.817206263542175293e-01 3.953384980559349060e-02 8.754326105117797852e-01 5.667354202270507812e+01 4.146608710289001465e-02 9.988911151885986328e-01 -2.229177951812744141e-02 1.517490863800048828e+00 -8.753432035446166992e-01 2.556235715746879578e-02 -4.828258752822875977e-01 1.629291725158691406e+01
-4.932348430156707764e-01 3.802851587533950806e-02 8.690645098686218262e-01 5.754574584960937500e+01 4.038007929921150208e-02 9.989679455757141113e-01 -2.079524286091327667e-02 1.478154897689819336e+00 -8.689584732055664062e-01 2.483596093952655792e-02 -4.942614138126373291e-01 1.580699062347412109e+01
-5.021215677261352539e-01 3.939356654882431030e-02 8.638992905616760254e-01 5.840692901611328125e+01 4.210691899061203003e-02 9.988907575607299805e-01 -2.107546292245388031e-02 1.444853305816650391e+00 -8.637713193893432617e-01 2.579369395971298218e-02 -5.032233595848083496e-01 1.530103111267089844e+01
-5.092998147010803223e-01 4.254567623138427734e-02 8.595368266105651855e-01 5.926145553588867188e+01 4.518796503543853760e-02 9.987214207649230957e-01 -2.265995182096958160e-02 1.408865451812744141e+00 -8.594020009040832520e-01 2.730001509189605713e-02 -5.105712413787841797e-01 1.478388023376464844e+01
-5.127655863761901855e-01 4.551773145794868469e-02 8.573212027549743652e-01 6.011802291870117188e+01 4.621502384543418884e-02 9.986090660095214844e-01 -2.537783235311508179e-02 1.375884532928466797e+00 -8.572838306427001953e-01 2.660823799669742584e-02 -5.141559839248657227e-01 1.426939201354980469e+01
-5.124393105506896973e-01 4.772977530956268311e-02 8.573960065841674805e-01 6.097570419311523438e+01 4.599170014262199402e-02 9.985465407371520996e-01 -2.809955738484859467e-02 1.341708421707153320e+00 -8.574909567832946777e-01 2.503378503024578094e-02 -5.138896703720092773e-01 1.375631046295166016e+01
-5.091524720191955566e-01 4.782679304480552673e-02 8.593464493751525879e-01 6.183654022216796875e+01 4.800334945321083069e-02 9.984785914421081543e-01 -2.712877094745635986e-02 1.304169535636901855e+00 -8.593366146087646484e-01 2.743882872164249420e-02 -5.106737613677978516e-01 1.324835968017578125e+01
-5.031615495681762695e-01 4.674852639436721802e-02 8.629270195960998535e-01 6.270354461669921875e+01 4.635706916451454163e-02 9.985581040382385254e-01 -2.706605195999145508e-02 1.265631556510925293e+00 -8.629481196403503418e-01 2.638417482376098633e-02 -5.046032071113586426e-01 1.275069904327392578e+01
-4.960668385028839111e-01 4.541479796171188354e-02 8.670958280563354492e-01 6.357505798339843750e+01 4.438364505767822266e-02 9.986519217491149902e-01 -2.691320143640041351e-02 1.229460835456848145e+00 -8.671492338180541992e-01 2.513413131237030029e-02 -4.974138438701629639e-01 1.226061153411865234e+01
-4.888505637645721436e-01 4.496269673109054565e-02 8.712080717086791992e-01 6.445063018798828125e+01 4.287763312458992004e-02 9.987021684646606445e-01 -2.748321183025836945e-02 1.193697810173034668e+00 -8.713131546974182129e-01 2.392015606164932251e-02 -4.901441335678100586e-01 1.177779388427734375e+01
-4.823652207851409912e-01 4.358598962426185608e-02 8.748851418495178223e-01 6.532952880859375000e+01 4.027476906776428223e-02 9.988086223602294922e-01 -2.755437605082988739e-02 1.154593467712402344e+00 -8.750438690185546875e-01 2.194453030824661255e-02 -4.835459589958190918e-01 1.130141544342041016e+01
-4.779452681541442871e-01 4.135359078645706177e-02 8.774155974388122559e-01 6.621229553222656250e+01 3.585655614733695984e-02 9.989770650863647461e-01 -2.755115926265716553e-02 1.118722319602966309e+00 -8.776574730873107910e-01 1.829315535724163055e-02 -4.789391756057739258e-01 1.083227920532226562e+01
-4.763756096363067627e-01 3.890677914023399353e-02 8.783805966377258301e-01 6.709526062011718750e+01 3.205999732017517090e-02 9.991247653961181641e-01 -2.686776593327522278e-02 1.082578539848327637e+00 -8.786571621894836426e-01 1.536173187196254730e-02 -4.772060215473175049e-01 1.036398315429687500e+01
-4.767525494098663330e-01 3.637454658746719360e-02 8.782846331596374512e-01 6.797774505615234375e+01 2.885505557060241699e-02 9.992525577545166016e-01 -2.572132088243961334e-02 1.045953273773193359e+00 -8.785638213157653809e-01 1.308024860918521881e-02 -4.774458408355712891e-01 9.895105361938476562e+00
-4.776606261730194092e-01 3.538794070482254028e-02 8.778313994407653809e-01 6.885786437988281250e+01 2.788500115275382996e-02 9.992956519126892090e-01 -2.511125802993774414e-02 1.009364843368530273e+00 -8.781018257141113281e-01 1.248367130756378174e-02 -4.783110022544860840e-01 9.421872138977050781e+00
-4.782009422779083252e-01 3.449223935604095459e-02 8.775728344917297363e-01 6.973789978027343750e+01 2.745281159877777100e-02 9.993272423744201660e-01 -2.431829459965229034e-02 9.738316535949707031e-01 -8.778213262557983398e-01 1.246281247586011887e-02 -4.788261353969573975e-01 8.948385238647460938e+00
-4.781477749347686768e-01 3.427247703075408936e-02 8.776104450225830078e-01 7.061586761474609375e+01 2.805597148835659027e-02 9.993243813514709473e-01 -2.373994514346122742e-02 9.386069178581237793e-01 -8.778311610221862793e-01 1.327101141214370728e-02 -4.787862598896026611e-01 8.470952987670898438e+00
-4.782324731349945068e-01 3.357460722327232361e-02 8.775913119316101074e-01 7.149520111083984375e+01 2.874233387410640717e-02 9.993319511413574219e-01 -2.256934717297554016e-02 9.021003842353820801e-01 -8.777628540992736816e-01 1.443062908947467804e-02 -4.788780510425567627e-01 7.996161460876464844e+00
-4.783847332000732422e-01 3.334356099367141724e-02 8.775170445442199707e-01 7.237516784667968750e+01 2.833159826695919037e-02 9.993447065353393555e-01 -2.252754941582679749e-02 8.671111464500427246e-01 -8.776931762695312500e-01 1.408462692052125931e-02 -4.790159761905670166e-01 7.522437572479248047e+00
-4.784009456634521484e-01 3.195703774690628052e-02 8.775598406791687012e-01 7.325490570068359375e+01 2.719889394938945770e-02 9.993973970413208008e-01 -2.156639471650123596e-02 8.306498527526855469e-01 -8.777202367782592773e-01 1.355127617716789246e-02 -4.789818525314331055e-01 7.048383235931396484e+00
-4.786245226860046387e-01 3.110549040138721466e-02 8.774685263633728027e-01 7.413639068603515625e+01 2.627260051667690277e-02 9.994320869445800781e-01 -2.109832502901554108e-02 7.941349148750305176e-01 -8.776264786720275879e-01 1.295520365238189697e-02 -4.791699647903442383e-01 6.577589035034179688e+00
-4.780741333961486816e-01 3.030513040721416473e-02 8.777964711189270020e-01 7.501718139648437500e+01 2.515765093266963959e-02 9.994670152664184570e-01 -2.080408670008182526e-02 7.554296255111694336e-01 -8.779590725898742676e-01 1.213740278035402298e-02 -4.785817563533782959e-01 6.105586528778076172e+00
-4.768437147140502930e-01 2.868731319904327393e-02 8.785198330879211426e-01 7.589861297607421875e+01 2.477392554283142090e-02 9.995088577270507812e-01 -1.919129490852355957e-02 7.174308896064758301e-01 -8.786389231681823730e-01 1.261313538998365402e-02 -4.773202538490295410e-01 5.634599208831787109e+00
-4.746491909027099609e-01 2.662105113267898560e-02 8.797723054885864258e-01 7.677879333496093750e+01 2.543370239436626434e-02 9.995398521423339844e-01 -1.652326993644237518e-02 6.802039742469787598e-01 -8.798074722290039062e-01 1.453311368823051453e-02 -4.751079082489013672e-01 5.161109924316406250e+00
-4.722875058650970459e-01 2.489968016743659973e-02 8.810927271842956543e-01 7.766202545166015625e+01 2.553276345133781433e-02 9.995679259300231934e-01 -1.456159353256225586e-02 6.438826918601989746e-01 -8.810746669769287109e-01 1.561947818845510483e-02 -4.727192223072052002e-01 4.693241119384765625e+00
-4.698746502399444580e-01 2.457672357559204102e-02 8.823909759521484375e-01 7.854589843750000000e+01 2.582601830363273621e-02 9.995671510696411133e-01 -1.408796850591897964e-02 6.089037060737609863e-01 -8.823552727699279785e-01 1.616906747221946716e-02 -4.703060090541839600e-01 4.226467132568359375e+00
-4.679208397865295410e-01 2.450129576027393341e-02 8.834306001663208008e-01 7.943222808837890625e+01 2.553506568074226379e-02 9.995729923248291016e-01 -1.419743150472640991e-02 5.748192667961120605e-01 -8.834013938903808594e-01 1.591518707573413849e-02 -4.683467447757720947e-01 3.764366865158081055e+00
-4.670363068580627441e-01 2.508114837110042572e-02 8.838823437690734863e-01 8.031829833984375000e+01 2.553201094269752502e-02 9.995633363723754883e-01 -1.487281732261180878e-02 5.412985682487487793e-01 -8.838694691658020020e-01 1.562114618718624115e-02 -4.674727618694305420e-01 3.301885843276977539e+00
-4.679293036460876465e-01 2.640893310308456421e-02 8.833711743354797363e-01 8.120366668701171875e+01 2.497034706175327301e-02 9.995494484901428223e-01 -1.665514893829822540e-02 5.039901733398437500e-01 -8.834130764007568359e-01 1.426465716212987900e-02 -4.683779180049896240e-01 2.838646888732910156e+00
-4.708834290504455566e-01 2.824628911912441254e-02 8.817430734634399414e-01 8.208780670166015625e+01 2.352485060691833496e-02 9.995338916778564453e-01 -1.945653185248374939e-02 4.682350754737854004e-01 -8.818817138671875000e-01 1.158111914992332458e-02 -4.713284373283386230e-01 2.373224735260009766e+00
-4.756968617439270020e-01 2.840723097324371338e-02 8.791504502296447754e-01 8.297118377685546875e+01 2.146515436470508575e-02 9.995555281639099121e-01 -2.068326808512210846e-02 4.307171106338500977e-01 -8.793473243713378906e-01 9.032136760652065277e-03 -4.760952591896057129e-01 1.906776189804077148e+00
-4.813888967037200928e-01 2.687529474496841431e-02 8.760949969291687012e-01 8.384922027587890625e+01 2.236845344305038452e-02 9.995809197425842285e-01 -1.837255805730819702e-02 3.949689567089080811e-01 -8.762216567993164062e-01 1.075254473835229874e-02 -4.817883372306823730e-01 1.430332541465759277e+00
-4.868656098842620850e-01 2.448176592588424683e-02 8.731336593627929688e-01 8.472179412841796875e+01 2.348749153316020966e-02 9.996126294136047363e-01 -1.493131183087825775e-02 3.590488731861114502e-01 -8.731610774993896484e-01 1.323817763477563858e-02 -4.872520565986633301e-01 9.439622759819030762e-01
-4.922818839550018311e-01 2.199158445000648499e-02 8.701579570770263672e-01 8.559500122070312500e+01 2.040889859199523926e-02 9.996975064277648926e-01 -1.371935289353132248e-02 3.240497410297393799e-01 -8.701965212821960449e-01 1.100517902523279190e-02 -4.925818443298339844e-01 4.586344361305236816e-01
-4.972872734069824219e-01 2.542145177721977234e-02 8.672133684158325195e-01 8.646192169189453125e+01 2.248281240463256836e-02 9.996124505996704102e-01 -1.641024649143218994e-02 2.915968894958496094e-01 -8.672945499420166016e-01 1.133679132908582687e-02 -4.976661503314971924e-01 -3.803480044007301331e-02
-5.023102760314941406e-01 2.700856700539588928e-02 8.642655014991760254e-01 8.732646942138671875e+01 2.287317998707294464e-02 9.995772838592529297e-01 -1.794323511421680450e-02 2.559341490268707275e-01 -8.643848896026611328e-01 1.075543370097875595e-02 -5.027157664299011230e-01 -5.385964512825012207e-01
-5.071023702621459961e-01 2.807255089282989502e-02 8.614284992218017578e-01 8.818972778320312500e+01 2.161528356373310089e-02 9.995692372322082520e-01 -1.984992995858192444e-02 2.184825986623764038e-01 -8.616147637367248535e-01 8.554076775908470154e-03 -5.074907541275024414e-01 -1.041291594505310059e+00
-5.110568404197692871e-01 2.778987959027290344e-02 8.590975403785705566e-01 8.905232238769531250e+01 1.967640593647956848e-02 9.995934963226318359e-01 -2.062958292663097382e-02 1.784310042858123779e-01 -8.593216538429260254e-01 6.361063104122877121e-03 -5.113959908485412598e-01 -1.545052766799926758e+00
-5.142439007759094238e-01 2.754208631813526154e-02 8.572015762329101562e-01 8.990771484375000000e+01 2.136746048927307129e-02 9.995853304862976074e-01 -1.929835230112075806e-02 1.428498625755310059e-01 -8.573777675628662109e-01 8.392162621021270752e-03 -5.146192312240600586e-01 -2.061361074447631836e+00
-5.166390538215637207e-01 2.055195532739162445e-02 8.559565544128417969e-01 9.076392364501953125e+01 2.219745516777038574e-02 9.996973276138305664e-01 -1.060528401285409927e-02 1.116475388407707214e-01 -8.559154868125915527e-01 1.352095697075128555e-02 -5.169389247894287109e-01 -2.576742172241210938e+00
-5.189707279205322266e-01 1.140051521360874176e-02 8.547159433364868164e-01 9.162090301513671875e+01 2.132784016430377960e-02 9.997724294662475586e-01 -3.853901871480047703e-04 8.075767755508422852e-02 -8.545259237289428711e-01 1.802923902869224548e-02 -5.190958380699157715e-01 -3.090877532958984375e+00
-5.206627845764160156e-01 9.897638112306594849e-03 8.537051081657409668e-01 9.247657775878906250e+01 2.255218289792537689e-02 9.997432827949523926e-01 2.163489116355776787e-03 5.641053244471549988e-02 -8.534644842147827148e-01 2.037936262786388397e-02 -5.207524299621582031e-01 -3.607589006423950195e+00
-5.216900110244750977e-01 1.443428918719291687e-02 8.530129790306091309e-01 9.333067321777343750e+01 2.229976840317249298e-02 9.997459650039672852e-01 -3.279034979641437531e-03 3.714021667838096619e-02 -8.528436422348022461e-01 1.731135509908199310e-02 -5.218793749809265137e-01 -4.127193450927734375e+00
-5.229364037513732910e-01 2.119305171072483063e-02 8.521081209182739258e-01 9.418295288085937500e+01 2.460566163063049316e-02 9.996495246887207031e-01 -9.762174449861049652e-03 1.392812561243772507e-02 -8.520164489746093750e-01 1.586169004440307617e-02 -5.232746005058288574e-01 -4.649545669555664062e+00
-5.232884287834167480e-01 2.505356259644031525e-02 8.517872095108032227e-01 9.503189086914062500e+01 3.016998246312141418e-02 9.994857311248779297e-01 -1.086313650012016296e-02 -9.222000837326049805e-03 -8.516214489936828613e-01 2.001385390758514404e-02 -5.237752199172973633e-01 -5.177478313446044922e+00
-5.233170986175537109e-01 2.605552226305007935e-02 8.517395257949829102e-01 9.588191986083984375e+01 3.343053162097930908e-02 9.993906617164611816e-01 -1.003226172178983688e-02 -3.965350612998008728e-02 -8.514820337295532227e-01 2.322405576705932617e-02 -5.238692760467529297e-01 -5.703302860260009766e+00
-5.231238603591918945e-01 2.256601862609386444e-02 8.519578576087951660e-01 9.673815155029296875e+01 3.178426250815391541e-02 9.994704723358154297e-01 -6.956878118216991425e-03 -6.490660458803176880e-02 -8.516637682914733887e-01 2.343954890966415405e-02 -5.235641598701477051e-01 -6.219327926635742188e+00
-5.223733186721801758e-01 1.793220452964305878e-02 8.525283336639404297e-01 9.759242248535156250e+01 3.082617744803428650e-02 9.995223879814147949e-01 -2.135851886123418808e-03 -8.332902938127517700e-02 -8.521595597267150879e-01 2.516448125243186951e-02 -5.226767063140869141e-01 -6.738973617553710938e+00
-5.215250253677368164e-01 1.129680406302213669e-02 8.531612157821655273e-01 9.844862365722656250e+01 2.781758643686771393e-02 9.996058940887451172e-01 3.768588183447718620e-03 -1.040849685668945312e-01 -8.527823686599731445e-01 2.569830045104026794e-02 -5.216338038444519043e-01 -7.255325317382812500e+00
-5.206608176231384277e-01 6.065953522920608521e-03 8.537420034408569336e-01 9.930819702148437500e+01 1.969181187450885773e-02 9.997939467430114746e-01 4.905519541352987289e-03 -1.181750819087028503e-01 -8.535364866256713867e-01 1.936584152281284332e-02 -5.206730365753173828e-01 -7.766276359558105469e+00
-5.191439986228942871e-01 1.128402887843549252e-03 8.546860814094543457e-01 1.001724243164062500e+02 1.217795535922050476e-02 9.999073147773742676e-01 6.076863501220941544e-03 -1.260913610458374023e-01 -8.546000719070434570e-01 1.356309838593006134e-02 -5.191096663475036621e-01 -8.269577980041503906e+00
-5.169023275375366211e-01 1.903914962895214558e-03 8.560422658920288086e-01 1.010273971557617188e+02 1.601496152579784393e-02 9.998439550399780273e-01 7.446536328643560410e-03 -1.415287405252456665e-01 -8.558946251869201660e-01 1.755861751735210419e-02 -5.168521404266357422e-01 -8.788292884826660156e+00
-5.138683915138244629e-01 4.900260362774133682e-03 8.578550219535827637e-01 1.018849258422851562e+02 1.984847523272037506e-02 9.997838735580444336e-01 6.178550887852907181e-03 -1.577370762825012207e-01 -8.576393723487854004e-01 2.020207978785037994e-02 -5.138546228408813477e-01 -9.302888870239257812e+00
-5.086138844490051270e-01 8.132277056574821472e-03 8.609562516212463379e-01 1.027483673095703125e+02 2.234212681651115417e-02 9.997432231903076172e-01 3.755504265427589417e-03 -1.684283018112182617e-01 -8.607047796249389648e-01 2.114569768309593201e-02 -5.086650252342224121e-01 -9.807958602905273438e+00
-5.012479424476623535e-01 9.949194267392158508e-03 8.652464747428894043e-01 1.036152572631835938e+02 2.706534229218959808e-02 9.996248483657836914e-01 4.184915684163570404e-03 -1.820842772722244263e-01 -8.648803234100341797e-01 2.551587484776973724e-02 -5.013291835784912109e-01 -1.030730247497558594e+01
-4.935390651226043701e-01 1.268443744629621506e-02 8.696311116218566895e-01 1.044854354858398438e+02 3.387323394417762756e-02 9.994152784347534180e-01 4.646494053304195404e-03 -1.997762471437454224e-01 -8.690637946128845215e-01 3.175044804811477661e-02 -4.936801791191101074e-01 -1.080078792572021484e+01
-4.834848940372467041e-01 1.145574729889631271e-02 8.752776980400085449e-01 1.053638839721679688e+02 3.114119730889797211e-02 9.995064735412597656e-01 4.120061639696359634e-03 -2.120426446199417114e-01 -8.747985959053039551e-01 2.924919128417968750e-02 -4.836030602455139160e-01 -1.127994251251220703e+01
-4.728225469589233398e-01 9.071713313460350037e-03 8.811109662055969238e-01 1.062525939941406250e+02 2.895308844745159149e-02 9.995669722557067871e-01 5.245523061603307724e-03 -2.216431796550750732e-01 -8.806818723678588867e-01 2.799108810722827911e-02 -4.728805124759674072e-01 -1.173995208740234375e+01
-4.615228474140167236e-01 5.589955486357212067e-03 8.871107101440429688e-01 1.071446533203125000e+02 2.888071350753307343e-02 9.995447397232055664e-01 8.726865984499454498e-03 -2.319551855325698853e-01 -8.866580724716186523e-01 2.964804321527481079e-02 -4.614742100238800049e-01 -1.219349956512451172e+01
-4.509954452514648438e-01 4.322952590882778168e-03 8.925157785415649414e-01 1.080449218750000000e+02 2.779147960245609283e-02 9.995713829994201660e-01 9.201776236295700073e-03 -2.450987249612808228e-01 -8.920934200286865234e-01 2.895429544150829315e-02 -4.509223103523254395e-01 -1.263028335571289062e+01
-4.390898346900939941e-01 3.649480873718857765e-03 8.984357714653015137e-01 1.089475173950195312e+02 2.885023690760135651e-02 9.995333552360534668e-01 1.003974210470914841e-02 -2.503333091735839844e-01 -8.979798555374145508e-01 3.032843582332134247e-02 -4.389902055263519287e-01 -1.306264305114746094e+01
-4.271365106105804443e-01 4.534595180302858353e-03 9.041757583618164062e-01 1.098544998168945312e+02 3.029220737516880035e-02 9.994977712631225586e-01 9.297515265643596649e-03 -2.604351639747619629e-01 -9.036796092987060547e-01 3.136079013347625732e-02 -4.270593822002410889e-01 -1.348559474945068359e+01
-4.152367711067199707e-01 8.104357868432998657e-03 9.096772670745849609e-01 1.107686233520507812e+02 2.994348853826522827e-02 9.995402097702026367e-01 4.763228818774223328e-03 -2.812711298465728760e-01 -9.092204570770263672e-01 2.921678312122821808e-02 -4.152885377407073975e-01 -1.389246082305908203e+01
